1	1	1	1	1	1	1	1	1	1	2	2	2	2	2	2	2	2	2	2	2	1	1	1	1	1	1	1	1	1	1	1	1	1	1	1	1	1	1	1	1
1	1	1	1	1	1	1	1	1	1	1.9	2	2	2	2	2	2	2	2	2	2	1.05	1	1	1	1	1	1	1	1	1	1	1	1	1	1	1	1	1	1	1
1	1	1	1	1	1	1	1	1	1	1.8145	1.99	2	2	2	2	2	2	2	2	2	1.09987	1.0025	1	1	1	1	1	1	1	1	1	1	1	1	1	1	1	1	1	1
1	1	1	1	1	1	1	1	1	1	1.7406	1.97254	1.999	2	2	2	2	2	2	2	2	1.14938	1.00738	1.00012	1	1	1	1	1	1	1	1	1	1	1	1	1	1	1	1	1
1	1	1	1	1	1	1	1	1	1	1.67615	1.94966	1.99636	1.9999	2	2	2	2	2	2	2	1.19826	1.01453	1.00049	1.00001	1	1	1	1	1	1	1	1	1	1	1	1	1	1	1	1
1	1	1	1	1	1	1	1	1	1	1.61948	1.923	1.99169	1.99955	1.99999	2	2	2	2	2	2	1.2463	1.02385	1.00119	1.00003	1	1	1	1	1	1	1	1	1	1	1	1	1	1	1	1
1	1	1	1	1	1	1	1	1	1	1.56932	1.89382	1.98485	1.99876	1.99995	2	2	2	2	2	2	1.29326	1.03524	1.00232	1.00009	1	1	1	1	1	1	1	1	1	1	1	1	1	1	1	1
1	1	1	1	1	1	1	1	1	1	1.52465	1.86309	1.97582	1.99737	1.99983	1.99999	2	2	2	2	2	1.33896	1.0486	1.00397	1.0002	1.00001	1	1	1	1	1	1	1	1	1	1	1	1	1	1	1
1	1	1	1	1	1	1	1	1	1	1.48465	1.83156	1.96468	1.99522	1.99958	1.99998	2	2	2	2	2	1.38322	1.06382	1.00621	1.00039	1.00002	1	1	1	1	1	1	1	1	1	1	1	1	1	1	1
1	1	1	1	1	1	1	1	1	1	1.44868	1.79979	1.95161	1.99217	1.99915	1.99994	2	2	2	2	2	1.42587	1.08081	1.00911	1.00068	1.00003	1	1	1	1	1	1	1	1	1	1	1	1	1	1	1
1	1	1	1	1	1	1	1	1	1	1.41618	1.7682	1.93679	1.98813	1.99845	1.99986	1.99999	2	2	2	2	1.46681	1.09946	1.01273	1.0011	1.00007	1	1	1	1	1	1	1	1	1	1	1	1	1	1	1
1	1	1	1	1	1	1	1	1	1	1.38671	1.73707	1.92046	1.98303	1.99742	1.99972	1.99998	2	2	2	2	1.50591	1.11965	1.01712	1.00168	1.00012	1.00001	1	1	1	1	1	1	1	1	1	1	1	1	1	1
1	1	1	1	1	1	1	1	1	1	1.3599	1.70664	1.90286	1.97682	1.99598	1.99949	1.99995	2	2	2	2	1.54311	1.14127	1.02234	1.00246	1.0002	1.00001	1	1	1	1	1	1	1	1	1	1	1	1	1	1
1	1	1	1	1	1	1	1	1	1	1.33542	1.67706	1.88419	1.96951	1.99407	1.99914	1.99991	1.99999	2	2	2	1.57836	1.1642	1.02842	1.00345	1.00031	1.00002	1	1	1	1	1	1	1	1	1	1	1	1	1	1
1	1	1	1	1	1	1	1	1	1	1.31303	1.64841	1.86467	1.96111	1.99162	1.99863	1.99983	1.99998	2	2	2	1.61164	1.18831	1.0354	1.00471	1.00047	1.00004	1	1	1	1	1	1	1	1	1	1	1	1	1	1
1	1	1	1	1	1	1	1	1	1	1.29248	1.62077	1.84451	1.95165	1.98858	1.99793	1.99971	1.99997	2	2	2	1.64293	1.21347	1.04331	1.00625	1.00068	1.00006	1	1	1	1	1	1	1	1	1	1	1	1	1	1
1	1	1	1	1	1	1	1	1	1	1.27358	1.59416	1.82388	1.9412	1.98491	1.997	1.99953	1.99994	1.99999	2	2	1.67227	1.23952	1.05219	1.00811	1.00096	1.00009	1.00001	1	1	1	1	1	1	1	1	1	1	1	1	1
1	1	1	1	1	1	1	1	1	1	1.25616	1.56861	1.80293	1.92981	1.98057	1.99579	1.99928	1.9999	1.99999	2	2	1.69967	1.26634	1.06205	1.01033	1.00132	1.00013	1.00001	1	1	1	1	1	1	1	1	1	1	1	1	1
1	1	1	1	1	1	1	1	1	1	1.24007	1.5441	1.7818	1.91757	1.97555	1.99427	1.99893	1.99984	1.99998	2	2	1.72519	1.29378	1.07289	1.01295	1.00177	1.00019	1.00002	1	1	1	1	1	1	1	1	1	1	1	1	1
1	1	1	1	1	1	1	1	1	1	1.22518	1.52063	1.76063	1.90455	1.96982	1.9924	1.99846	1.99975	1.99997	2	2	1.7489	1.32169	1.08474	1.01598	1.00233	1.00027	1.00003	1	1	1	1	1	1	1	1	1	1	1	1	1
1	1	1	1	1	1	1	1	1	1	1.21139	1.49817	1.7395	1.89085	1.96339	1.99015	1.99786	1.99962	1.99994	1.99999	2	1.77085	1.34992	1.0976	1.01948	1.00301	1.00037	1.00004	1	1	1	1	1	1	1	1	1	1	1	1	1
1	1	1	1	1	1	1	1	1	1	1.19858	1.47668	1.71851	1.87654	1.95627	1.98749	1.99709	1.99944	1.99991	1.99999	2	1.79114	1.37833	1.11144	1.02346	1.00384	1.0005	1.00005	1	1	1	1	1	1	1	1	1	1	1	1	1
1	1	1	1	1	1	1	1	1	1	1.18668	1.45615	1.69773	1.86171	1.94847	1.98439	1.99613	1.99921	1.99986	1.99998	2	1.80985	1.40678	1.12627	1.02796	1.00482	1.00067	1.00008	1.00001	1	1	1	1	1	1	1	1	1	1	1	1
1	1	1	1	1	1	1	1	1	1	1.17561	1.43653	1.67722	1.84645	1.94002	1.98082	1.99496	1.9989	1.9998	1.99997	2	1.82706	1.43513	1.14207	1.03301	1.00598	1.00088	1.00011	1.00001	1	1	1	1	1	1	1	1	1	1	1	1
1	1	1	1	1	1	1	1	1	1	1.16528	1.41779	1.65704	1.83082	1.93094	1.97678	1.99355	1.99851	1.99971	1.99995	1.99999	1.84285	1.46325	1.15881	1.03865	1.00734	1.00113	1.00015	1.00002	1	1	1	1	1	1	1	1	1	1	1	1
1	1	1	1	1	1	1	1	1	1	1.15565	1.39989	1.63722	1.81491	1.92127	1.97225	1.99188	1.99801	1.99959	1.99993	1.99999	1.85733	1.49103	1.17645	1.04489	1.00892	1.00145	1.00019	1.00002	1	1	1	1	1	1	1	1	1	1	1	1
1	1	1	1	1	1	1	1	1	1	1.14666	1.38279	1.61779	1.79879	1.91106	1.96722	1.98992	1.9974	1.99943	1.99989	1.99998	1.87058	1.51834	1.19495	1.05176	1.01074	1.00182	1.00026	1.00003	1	1	1	1	1	1	1	1	1	1	1	1
1	1	1	1	1	1	1	1	1	1	1.13825	1.36647	1.59878	1.78251	1.90033	1.9617	1.98766	1.99665	1.99923	1.99985	1.99997	1.88268	1.54508	1.21427	1.05929	1.01281	1.00227	1.00034	1.00004	1	1	1	1	1	1	1	1	1	1	1	1
1	1	1	1	1	1	1	1	1	1	1.13038	1.35088	1.58021	1.76614	1.88914	1.95568	1.98508	1.99575	1.99897	1.99979	1.99996	1.89372	1.57116	1.23436	1.0675	1.01516	1.00279	1.00043	1.00006	1.00001	1	1	1	1	1	1	1	1	1	1	1
1	1	1	1	1	1	1	1	1	1	1.12301	1.33598	1.56209	1.74972	1.87752	1.94917	1.98217	1.99469	1.99865	1.9997	1.99994	1.90378	1.5965	1.25514	1.0764	1.01782	1.00341	1.00055	1.00008	1.00001	1	1	1	1	1	1	1	1	1	1	1
1	1	1	1	1	1	1	1	1	1	1.11611	1.32176	1.54443	1.7333	1.86552	1.94219	1.9789	1.99344	1.99825	1.9996	1.99992	1.91294	1.62103	1.27656	1.08602	1.0208	1.00414	1.00069	1.0001	1.00001	1	1	1	1	1	1	1	1	1	1	1
1	1	1	1	1	1	1	1	1	1	1.10963	1.30817	1.52723	1.71693	1.85319	1.93474	1.97526	1.99199	1.99777	1.99946	1.99989	1.92126	1.64469	1.29855	1.09637	1.02413	1.00497	1.00087	1.00013	1.00002	1	1	1	1	1	1	1	1	1	1	1
1	1	1	1	1	1	1	1	1	1	1.10354	1.29518	1.51051	1.70065	1.84056	1.92685	1.97126	1.99032	1.99719	1.99929	1.99985	1.92881	1.66743	1.32102	1.10745	1.02783	1.00594	1.00107	1.00017	1.00002	1	1	1	1	1	1	1	1	1	1	1
1	1	1	1	1	1	1	1	1	1	1.09783	1.28277	1.49424	1.68448	1.82769	1.91854	1.96688	1.98843	1.99651	1.99909	1.99979	1.93566	1.68922	1.34391	1.11928	1.03192	1.00704	1.00131	1.00021	1.00003	1	1	1	1	1	1	1	1	1	1	1
1	1	1	1	1	1	1	1	1	1	1.09246	1.27091	1.47844	1.66846	1.8146	1.90983	1.96213	1.98629	1.9957	1.99883	1.99972	1.94187	1.71004	1.36711	1.13185	1.03643	1.00829	1.0016	1.00027	1.00004	1	1	1	1	1	1	1	1	1	1	1
1	1	1	1	1	1	1	1	1	1	1.08741	1.25957	1.4631	1.65261	1.80134	1.90073	1.957	1.98389	1.99476	1.99852	1.99963	1.94748	1.72986	1.39055	1.14516	1.04137	1.00971	1.00194	1.00033	1.00005	1.00001	1	1	1	1	1	1	1	1	1	1
1	1	1	1	1	1	1	1	1	1	1.08266	1.24873	1.44821	1.63695	1.78794	1.89129	1.95149	1.98122	1.99368	1.99814	1.99952	1.95256	1.74868	1.41414	1.15922	1.04678	1.01131	1.00233	1.00041	1.00006	1.00001	1	1	1	1	1	1	1	1	1	1
1	1	1	1	1	1	1	1	1	1	1.07818	1.23836	1.43377	1.6215	1.77445	1.88151	1.94562	1.97827	1.99244	1.99769	1.99938	1.95715	1.76651	1.4378	1.17399	1.05266	1.0131	1.00278	1.00051	1.00008	1.00001	1	1	1	1	1	1	1	1	1	1
1	1	1	1	1	1	1	1	1	1	1.07397	1.22844	1.41976	1.60628	1.76088	1.87144	1.93938	1.97504	1.99102	1.99717	1.99921	1.96128	1.78335	1.46143	1.18948	1.05905	1.01511	1.00329	1.00062	1.0001	1.00001	1	1	1	1	1	1	1	1	1	1
1	1	1	1	1	1	1	1	1	1	1.07	1.21895	1.40618	1.5913	1.74726	1.8611	1.93279	1.97152	1.98943	1.99656	1.99901	1.965	1.79921	1.48495	1.20565	1.06595	1.01734	1.00389	1.00076	1.00013	1.00002	1	1	1	1	1	1	1	1	1	1
1	1	1	1	1	1	1	1	1	1	1.06625	1.20987	1.39301	1.57657	1.73364	1.8505	1.92587	1.96771	1.98765	1.99584	1.99876	1.96834	1.81413	1.50828	1.22249	1.0734	1.01981	1.00456	1.00091	1.00016	1.00002	1	1	1	1	1	1	1	1	1	1
1	1	1	1	1	1	1	1	1	1	1.06272	1.20119	1.38026	1.5621	1.72002	1.83969	1.91861	1.96359	1.98567	1.99503	1.99847	1.97134	1.82811	1.53135	1.23996	1.0814	1.02254	1.00533	1.0011	1.0002	1.00003	1	1	1	1	1	1	1	1	1	1
1	1	1	1	1	1	1	1	1	1	1.05939	1.19287	1.3679	1.5479	1.70644	1.82868	1.91104	1.95917	1.98348	1.99409	1.99813	1.97401	1.84121	1.55407	1.25802	1.08997	1.02555	1.00619	1.00131	1.00024	1.00004	1.00001	1	1	1	1	1	1	1	1	1
1	1	1	1	1	1	1	1	1	1	1.05624	1.18491	1.35593	1.53397	1.69291	1.81751	1.90317	1.95446	1.98107	1.99304	1.99772	1.97639	1.85343	1.57638	1.27664	1.09913	1.02885	1.00717	1.00155	1.0003	1.00005	1.00001	1	1	1	1	1	1	1	1	1
1	1	1	1	1	1	1	1	1	1	1.05327	1.17729	1.34433	1.52031	1.67946	1.80618	1.89502	1.94945	1.97843	1.99184	1.99726	1.9785	1.86483	1.59822	1.29578	1.10889	1.03247	1.00826	1.00183	1.00036	1.00006	1.00001	1	1	1	1	1	1	1	1	1
1	1	1	1	1	1	1	1	1	1	1.05047	1.16999	1.33311	1.50693	1.6661	1.79474	1.8866	1.94414	1.97556	1.99051	1.99672	1.98035	1.87543	1.61952	1.31537	1.11925	1.03641	1.00948	1.00215	1.00043	1.00008	1.00001	1	1	1	1	1	1	1	1	1
1	1	1	1	1	1	1	1	1	1	1.04782	1.16299	1.32223	1.49384	1.65284	1.7832	1.87793	1.93855	1.97246	1.98902	1.9961	1.98197	1.88526	1.64025	1.33538	1.13023	1.04071	1.01084	1.00252	1.00052	1.00009	1.00002	1	1	1	1	1	1	1	1	1
1	1	1	1	1	1	1	1	1	1	1.04531	1.1563	1.31171	1.48102	1.6397	1.77157	1.86904	1.93267	1.96912	1.98737	1.99539	1.98337	1.89438	1.66034	1.35573	1.14182	1.04537	1.01235	1.00294	1.00062	1.00012	1.00002	1	1	1	1	1	1	1	1	1
1	1	1	1	1	1	1	1	1	1	1.04294	1.14988	1.30151	1.46848	1.62669	1.75989	1.85993	1.92652	1.96553	1.98556	1.99459	1.98457	1.90281	1.67977	1.37638	1.15403	1.05041	1.01402	1.00341	1.00073	1.00014	1.00002	1	1	1	1	1	1	1	1	1
1	1	1	1	1	1	1	1	1	1	1.0407	1.14373	1.29165	1.45622	1.61382	1.74817	1.85063	1.92011	1.96169	1.98357	1.99369	1.98556	1.91059	1.6985	1.39726	1.16686	1.05585	1.01586	1.00394	1.00087	1.00017	1.00003	1	1	1	1	1	1	1	1	1
1	1	1	1	1	1	1	1	1	1	1.03858	1.13784	1.28209	1.44424	1.6011	1.73643	1.84115	1.91344	1.95762	1.9814	1.99268	1.98637	1.91775	1.71651	1.4183	1.1803	1.06171	1.0179	1.00454	1.00102	1.00021	1.00004	1.00001	1	1	1	1	1	1	1	1
1	1	1	1	1	1	1	1	1	1	1.03658	1.13219	1.27285	1.43253	1.58855	1.72468	1.83151	1.90652	1.95329	1.97904	1.99156	1.98699	1.92433	1.73379	1.43945	1.19435	1.06801	1.02013	1.00521	1.0012	1.00025	1.00005	1.00001	1	1	1	1	1	1	1	1
1	1	1	1	1	1	1	1	1	1	1.03469	1.12678	1.26389	1.42109	1.57615	1.71294	1.82172	1.89937	1.94872	1.9765	1.99031	1.98745	1.93036	1.7503	1.46064	1.20899	1.07475	1.02257	1.00596	1.0014	1.00029	1.00006	1.00001	1	1	1	1	1	1	1	1
1	1	1	1	1	1	1	1	1	1	1.03289	1.12159	1.25523	1.40992	1.56393	1.70122	1.81181	1.892	1.94391	1.97375	1.98894	1.98773	1.93587	1.76606	1.48179	1.2242	1.08197	1.02524	1.0068	1.00163	1.00035	1.00007	1.00001	1	1	1	1	1	1	1	1
1	1	1	1	1	1	1	1	1	1	1.03119	1.11662	1.24684	1.39902	1.55189	1.68955	1.8018	1.88441	1.93887	1.97081	1.98743	1.98785	1.94089	1.78106	1.50285	1.23997	1.08966	1.02814	1.00772	1.00189	1.00041	1.00008	1.00001	1	1	1	1	1	1	1	1
1	1	1	1	1	1	1	1	1	1	1.02958	1.11185	1.23872	1.38837	1.54003	1.67792	1.79168	1.87663	1.93359	1.96766	1.98577	1.98781	1.94545	1.79529	1.52376	1.25626	1.09785	1.03131	1.00875	1.00218	1.00049	1.0001	1.00002	1	1	1	1	1	1	1	1
1	1	1	1	1	1	1	1	1	1	1.02806	1.10727	1.23086	1.37798	1.52835	1.66635	1.78149	1.86866	1.92808	1.96431	1.98398	1.98761	1.94957	1.80877	1.54444	1.27307	1.10654	1.03474	1.00989	1.00251	1.00057	1.00012	1.00002	1	1	1	1	1	1	1	1
1	1	1	1	1	1	1	1	1	1	1.02662	1.10289	1.22326	1.36785	1.51686	1.65485	1.77124	1.86051	1.92235	1.96075	1.98202	1.98725	1.95328	1.8215	1.56486	1.29034	1.11576	1.03845	1.01115	1.00288	1.00067	1.00014	1.00003	1	1	1	1	1	1	1	1
1	1	1	1	1	1	1	1	1	1	1.02525	1.09868	1.2159	1.35796	1.50556	1.64343	1.76093	1.85221	1.91641	1.95699	1.97992	1.98673	1.95659	1.8335	1.58494	1.30805	1.1255	1.04247	1.01253	1.00329	1.00078	1.00017	1.00003	1.00001	1	1	1	1	1	1	1
1	1	1	1	1	1	1	1	1	1	1.02396	1.09465	1.20877	1.34831	1.49445	1.6321	1.75058	1.84375	1.91026	1.95302	1.97765	1.98605	1.95954	1.84479	1.60463	1.32616	1.13577	1.04679	1.01404	1.00376	1.00091	1.0002	1.00004	1.00001	1	1	1	1	1	1	1
1	1	1	1	1	1	1	1	1	1	1.02273	1.09078	1.20187	1.33891	1.48353	1.62087	1.74021	1.83517	1.90391	1.94884	1.97521	1.98522	1.96214	1.85537	1.6239	1.34462	1.14658	1.05145	1.0157	1.00427	1.00105	1.00023	1.00005	1.00001	1	1	1	1	1	1	1
1	1	1	1	1	1	1	1	1	1	1.02157	1.08707	1.1952	1.32973	1.4728	1.60974	1.72983	1.82645	1.89736	1.94446	1.97261	1.98422	1.9644	1.86528	1.6427	1.3634	1.15794	1.05645	1.01752	1.00485	1.00121	1.00027	1.00006	1.00001	1	1	1	1	1	1	1
1	1	1	1	1	1	1	1	1	1	1.02047	1.08351	1.18874	1.32079	1.46227	1.59872	1.71944	1.81763	1.89063	1.93988	1.96983	1.98307	1.96635	1.87452	1.66098	1.38244	1.16983	1.06181	1.0195	1.00548	1.00139	1.00032	1.00007	1.00001	1	1	1	1	1	1	1
1	1	1	1	1	1	1	1	1	1	1.01942	1.08009	1.18248	1.31207	1.45192	1.58781	1.70906	1.80871	1.88373	1.93511	1.96688	1.98176	1.96799	1.88313	1.67871	1.40169	1.18227	1.06755	1.02166	1.00619	1.0016	1.00037	1.00008	1.00002	1	1	1	1	1	1	1
1	1	1	1	1	1	1	1	1	1	1.01843	1.07682	1.17643	1.30357	1.44177	1.57702	1.6987	1.79969	1.87667	1.93013	1.96376	1.98028	1.96935	1.89112	1.69587	1.42111	1.19524	1.07367	1.024	1.00697	1.00183	1.00044	1.00009	1.00002	1	1	1	1	1	1	1
1	1	1	1	1	1	1	1	1	1	1.01749	1.07367	1.17057	1.29528	1.43181	1.56636	1.68837	1.79061	1.86944	1.92497	1.96045	1.97865	1.97042	1.89852	1.71243	1.44063	1.20874	1.0802	1.02654	1.00782	1.00208	1.0005	1.00011	1.00002	1	1	1	1	1	1	1
1	1	1	1	1	1	1	1	1	1	1.0166	1.07066	1.1649	1.2872	1.42203	1.55582	1.67807	1.78145	1.86208	1.91963	1.95698	1.97685	1.97123	1.90534	1.72836	1.46021	1.22275	1.08714	1.0293	1.00877	1.00237	1.00058	1.00013	1.00003	1.00001	1	1	1	1	1	1
1	1	1	1	1	1	1	1	1	1	1.01576	1.06776	1.15941	1.27933	1.41245	1.54541	1.66781	1.77224	1.85457	1.91411	1.95332	1.97488	1.97179	1.91162	1.74365	1.47979	1.23727	1.09451	1.03227	1.0098	1.00269	1.00067	1.00015	1.00003	1.00001	1	1	1	1	1	1
1	1	1	1	1	1	1	1	1	1	1.01496	1.06499	1.1541	1.27166	1.40304	1.53514	1.6576	1.76299	1.84693	1.90841	1.94949	1.97275	1.97209	1.91737	1.7583	1.49931	1.25227	1.10232	1.03549	1.01094	1.00305	1.00077	1.00018	1.00004	1.00001	1	1	1	1	1	1
1	1	1	1	1	1	1	1	1	1	1.0142	1.06232	1.14895	1.26418	1.39383	1.525	1.64745	1.7537	1.83918	1.90254	1.94549	1.97046	1.97216	1.92262	1.77228	1.51873	1.26774	1.11059	1.03895	1.01218	1.00344	1.00089	1.00021	1.00005	1.00001	1	1	1	1	1	1
1	1	1	1	1	1	1	1	1	1	1.01348	1.05977	1.14398	1.2569	1.38479	1.515	1.63737	1.74438	1.83132	1.89651	1.94131	1.968	1.97199	1.92738	1.7856	1.53798	1.28365	1.11932	1.04267	1.01353	1.00388	1.00102	1.00024	1.00005	1.00001	1	1	1	1	1	1
1	1	1	1	1	1	1	1	1	1	1.0128	1.05731	1.13916	1.2498	1.37594	1.50513	1.62735	1.73505	1.82336	1.89033	1.93696	1.96537	1.9716	1.93168	1.79826	1.55702	1.29997	1.12851	1.04666	1.01501	1.00437	1.00116	1.00028	1.00006	1.00001	1	1	1	1	1	1
1	1	1	1	1	1	1	1	1	1	1.01215	1.05496	1.1345	1.24289	1.36726	1.49541	1.6174	1.72571	1.81531	1.884	1.93245	1.96258	1.97098	1.93553	1.81026	1.5758	1.31668	1.13819	1.05095	1.01662	1.0049	1.00132	1.00033	1.00007	1.00002	1	1	1	1	1	1
1	1	1	1	1	1	1	1	1	1	1.01153	1.0527	1.12999	1.23615	1.35876	1.48583	1.60754	1.71636	1.80718	1.87753	1.92777	1.95962	1.97016	1.93896	1.8216	1.59428	1.33374	1.14834	1.05553	1.01836	1.00549	1.0015	1.00038	1.00009	1.00002	1	1	1	1	1	1
1	1	1	1	1	1	1	1	1	1	1.01095	1.05054	1.12562	1.22959	1.35043	1.47639	1.59776	1.70702	1.79897	1.87093	1.92292	1.9565	1.96912	1.94199	1.83229	1.6124	1.35111	1.15899	1.06043	1.02025	1.00614	1.0017	1.00043	1.0001	1.00002	1	1	1	1	1	1
1	1	1	1	1	1	1	1	1	1	1.0104	1.04846	1.12139	1.2232	1.34227	1.46709	1.58806	1.6977	1.7907	1.8642	1.91792	1.95322	1.96788	1.94462	1.84234	1.63012	1.36877	1.17012	1.06566	1.0223	1.00685	1.00192	1.0005	1.00012	1.00003	1.00001	1	1	1	1	1
1	1	1	1	1	1	1	1	1	1	1.00987	1.04646	1.1173	1.21697	1.33428	1.45793	1.57845	1.68839	1.78237	1.85735	1.91277	1.94977	1.96643	1.94688	1.85176	1.64742	1.38665	1.18175	1.07122	1.02452	1.00762	1.00217	1.00057	1.00014	1.00003	1.00001	1	1	1	1	1
1	1	1	1	1	1	1	1	1	1	1.00937	1.04455	1.11335	1.21091	1.32645	1.44892	1.56894	1.67911	1.774	1.85038	1.90747	1.94616	1.9648	1.94879	1.86057	1.66425	1.40473	1.19385	1.07714	1.02691	1.00848	1.00244	1.00065	1.00016	1.00004	1.00001	1	1	1	1	1
1	1	1	1	1	1	1	1	1	1	1.0089	1.04271	1.10952	1.205	1.31879	1.44005	1.55953	1.66986	1.76558	1.84332	1.90203	1.9424	1.96296	1.95035	1.86877	1.68059	1.42296	1.20644	1.08343	1.02949	1.00941	1.00274	1.00074	1.00018	1.00004	1.00001	1	1	1	1	1
1	1	1	1	1	1	1	1	1	1	1.00845	1.04095	1.10581	1.19925	1.31129	1.43132	1.55021	1.66065	1.75713	1.83615	1.89644	1.93848	1.96095	1.95158	1.8764	1.6964	1.44129	1.2195	1.09009	1.03227	1.01042	1.00308	1.00084	1.00021	1.00005	1.00001	1	1	1	1	1
1	1	1	1	1	1	1	1	1	1	1.00803	1.03926	1.10222	1.19365	1.30394	1.42273	1.541	1.65148	1.74865	1.8289	1.89073	1.9344	1.95874	1.95249	1.88345	1.71167	1.45967	1.23303	1.09714	1.03525	1.01152	1.00345	1.00095	1.00024	1.00006	1.00001	1	1	1	1	1
1	1	1	1	1	1	1	1	1	1	1.00762	1.03763	1.09875	1.18819	1.29675	1.41428	1.53188	1.64236	1.74016	1.82156	1.88488	1.93018	1.95636	1.9531	1.88995	1.72637	1.47807	1.247	1.1046	1.03846	1.01272	1.00385	1.00107	1.00028	1.00007	1.00001	1	1	1	1	1
1	1	1	1	1	1	1	1	1	1	1.00724	1.03608	1.0954	1.18288	1.28971	1.40597	1.52287	1.63328	1.73165	1.81415	1.87891	1.92581	1.9538	1.95342	1.89592	1.74049	1.49642	1.26141	1.11246	1.04189	1.01403	1.0043	1.00121	1.00032	1.00008	1.00002	1	1	1	1	1
1	1	1	1	1	1	1	1	1	1	1.00687	1.03458	1.09215	1.1777	1.28282	1.39779	1.51397	1.62427	1.72313	1.80666	1.87283	1.92129	1.95106	1.95346	1.90137	1.75402	1.51468	1.27623	1.12075	1.04557	1.01544	1.00479	1.00137	1.00036	1.00009	1.00002	1	1	1	1	1
1	1	1	1	1	1	1	1	1	1	1.00653	1.03315	1.089	1.17266	1.27608	1.38976	1.50518	1.61531	1.71461	1.79912	1.86663	1.91664	1.94816	1.95322	1.90632	1.76694	1.5328	1.29144	1.12946	1.0495	1.01697	1.00532	1.00154	1.00041	1.0001	1.00002	1.00001	1	1	1	1
1	1	1	1	1	1	1	1	1	1	1.0062	1.03177	1.08596	1.16776	1.26948	1.38186	1.49649	1.60641	1.7061	1.79152	1.86033	1.91184	1.94509	1.95273	1.91079	1.77925	1.55075	1.30703	1.13861	1.05369	1.01862	1.00591	1.00173	1.00047	1.00012	1.00003	1.00001	1	1	1	1
1	1	1	1	1	1	1	1	1	1	1.00589	1.03045	1.08302	1.16298	1.26302	1.37409	1.48791	1.59759	1.6976	1.78386	1.85393	1.90692	1.94186	1.95198	1.9148	1.79095	1.56847	1.32296	1.1482	1.05817	1.02041	1.00655	1.00194	1.00053	1.00014	1.00003	1.00001	1	1	1	1
1	1	1	1	1	1	1	1	1	1	1.00559	1.02919	1.08017	1.15833	1.25671	1.36646	1.47945	1.58883	1.68911	1.77617	1.84744	1.90187	1.93846	1.95099	1.91836	1.80204	1.58591	1.3392	1.15823	1.06293	1.02234	1.00724	1.00217	1.0006	1.00016	1.00004	1.00001	1	1	1	1
1	1	1	1	1	1	1	1	1	1	1.00531	1.02797	1.07742	1.15381	1.25053	1.35896	1.47109	1.58014	1.68064	1.76844	1.84085	1.89669	1.93492	1.94977	1.92149	1.81252	1.60305	1.35572	1.16871	1.06799	1.02441	1.008	1.00242	1.00068	1.00018	1.00004	1.00001	1	1	1	1
1	1	1	1	1	1	1	1	1	1	1.00504	1.02681	1.07476	1.1494	1.24448	1.3516	1.46284	1.57152	1.67219	1.76067	1.83419	1.8914	1.93122	1.94832	1.92421	1.8224	1.61984	1.37248	1.17964	1.07337	1.02664	1.00883	1.0027	1.00077	1.0002	1.00005	1.00001	1	1	1	1
1	1	1	1	1	1	1	1	1	1	1.00479	1.02569	1.07218	1.14511	1.23856	1.34436	1.4547	1.56298	1.66378	1.75289	1.82745	1.88599	1.92737	1.94666	1.92653	1.83168	1.63625	1.38946	1.19101	1.07908	1.02904	1.00973	1.00301	1.00086	1.00023	1.00006	1.00001	1	1	1	1
1	1	1	1	1	1	1	1	1	1	1.00455	1.02462	1.06969	1.14093	1.23277	1.33725	1.44668	1.55452	1.65539	1.74508	1.82063	1.88047	1.92339	1.94478	1.92847	1.84036	1.65224	1.4066	1.20283	1.08512	1.03162	1.0107	1.00335	1.00097	1.00026	1.00007	1.00002	1	1	1	1
1	1	1	1	1	1	1	1	1	1	1.00432	1.02359	1.06728	1.13687	1.22711	1.33026	1.43876	1.54614	1.64704	1.73725	1.81375	1.87484	1.91926	1.9427	1.93004	1.84847	1.66778	1.42388	1.21508	1.0915	1.03438	1.01176	1.00372	1.00109	1.0003	1.00008	1.00002	1	1	1	1
1	1	1	1	1	1	1	1	1	1	1.0041	1.02261	1.06495	1.13291	1.22158	1.3234	1.43096	1.53784	1.63873	1.72941	1.80682	1.86911	1.915	1.94042	1.93126	1.85601	1.68285	1.44124	1.22777	1.09825	1.03733	1.0129	1.00412	1.00122	1.00034	1.00009	1.00002	1	1	1	1
1	1	1	1	1	1	1	1	1	1	1.0039	1.02166	1.06269	1.12906	1.21616	1.31666	1.42326	1.52962	1.63047	1.72157	1.79982	1.86329	1.9106	1.93796	1.93215	1.86299	1.69742	1.45865	1.24087	1.10536	1.04049	1.01414	1.00456	1.00137	1.00038	1.0001	1.00002	1.00001	1	1	1
1	1	1	1	1	1	1	1	1	1	1.0037	1.02075	1.06051	1.12532	1.21086	1.31005	1.41568	1.52148	1.62224	1.71373	1.79278	1.85738	1.90608	1.93531	1.93271	1.86943	1.71147	1.47607	1.25439	1.11285	1.04386	1.01548	1.00504	1.00153	1.00043	1.00011	1.00003	1.00001	1	1	1
1	1	1	1	1	1	1	1	1	1	1.00352	1.01988	1.0584	1.12167	1.20569	1.30355	1.4082	1.51343	1.61407	1.70589	1.7857	1.85138	1.90144	1.93248	1.93296	1.87535	1.72499	1.49344	1.26829	1.12072	1.04746	1.01692	1.00557	1.0017	1.00049	1.00013	1.00003	1.00001	1	1	1
1	1	1	1	1	1	1	1	1	1	1.00334	1.01905	1.05636	1.11812	1.20062	1.29717	1.40083	1.50547	1.60595	1.69806	1.77857	1.8453	1.89668	1.92948	1.93291	1.88075	1.73795	1.51073	1.28257	1.12899	1.0513	1.01847	1.00614	1.0019	1.00055	1.00015	1.00004	1.00001	1	1	1
1	1	1	1	1	1	1	1	1	1	1.00317	1.01825	1.05439	1.11467	1.19567	1.29091	1.39357	1.49759	1.59788	1.69024	1.77141	1.83914	1.89181	1.92631	1.93258	1.88566	1.75036	1.52789	1.2972	1.13766	1.05539	1.02014	1.00676	1.00211	1.00061	1.00017	1.00004	1.00001	1	1	1
1	1	1	1	1	1	1	1	1	1	1.00301	1.01748	1.05249	1.11131	1.19083	1.28476	1.38642	1.48981	1.58987	1.68243	1.76422	1.83291	1.88683	1.92299	1.93197	1.89008	1.7622	1.54489	1.31216	1.14674	1.05973	1.02194	1.00743	1.00234	1.00069	1.00019	1.00005	1.00001	1	1	1
1	1	1	1	1	1	1	1	1	1	1.00286	1.01674	1.05065	1.10804	1.18609	1.27873	1.37937	1.4821	1.58191	1.67465	1.75701	1.82662	1.88174	1.91951	1.93111	1.89404	1.77347	1.56168	1.32743	1.15622	1.06434	1.02387	1.00816	1.0026	1.00077	1.00021	1.00006	1.00001	1	1	1
1	1	1	1	1	1	1	1	1	1	1.00272	1.01604	1.04886	1.10486	1.18146	1.2728	1.37243	1.47449	1.57402	1.66688	1.74977	1.82026	1.87655	1.91589	1.92999	1.89755	1.78416	1.57821	1.34298	1.16612	1.06923	1.02594	1.00895	1.00288	1.00086	1.00024	1.00006	1.00002	1	1	1
1	1	1	1	1	1	1	1	1	1	1.00258	1.01536	1.04714	1.10177	1.17694	1.26699	1.36559	1.46697	1.56619	1.65914	1.74252	1.81385	1.87127	1.91212	1.92863	1.90063	1.79428	1.59446	1.35877	1.17643	1.07441	1.02816	1.00981	1.00318	1.00096	1.00027	1.00007	1.00002	1	1	1
1	1	1	1	1	1	1	1	1	1	1.00245	1.01471	1.04548	1.09876	1.17251	1.26129	1.35886	1.45953	1.55842	1.65143	1.73526	1.80738	1.8659	1.90822	1.92703	1.90329	1.80382	1.61039	1.37479	1.18716	1.07989	1.03054	1.01074	1.00351	1.00107	1.00031	1.00008	1.00002	1	1	1
1	1	1	1	1	1	1	1	1	1	1.00233	1.01409	1.04387	1.09583	1.16819	1.25569	1.35223	1.45218	1.55071	1.64375	1.72798	1.80086	1.86044	1.90418	1.92522	1.90555	1.81279	1.62597	1.39098	1.19829	1.08568	1.03308	1.01174	1.00388	1.0012	1.00035	1.00009	1.00002	1.00001	1	1
1	1	1	1	1	1	1	1	1	1	1.00221	1.01349	1.04232	1.09299	1.16396	1.25019	1.3457	1.44493	1.54307	1.6361	1.7207	1.7943	1.8549	1.90001	1.9232	1.90742	1.8212	1.64116	1.40732	1.20984	1.09179	1.0358	1.01282	1.00427	1.00133	1.00039	1.00011	1.00003	1.00001	1	1
1	1	1	1	1	1	1	1	1	1	1.0021	1.01292	1.04081	1.09022	1.15983	1.2448	1.33928	1.43776	1.5355	1.62849	1.71343	1.78769	1.84928	1.89573	1.92097	1.90893	1.82905	1.65593	1.42378	1.22179	1.09824	1.0387	1.01398	1.0047	1.00148	1.00044	1.00012	1.00003	1.00001	1	1
1	1	1	1	1	1	1	1	1	1	1.002	1.01237	1.03936	1.08752	1.1558	1.23952	1.33295	1.43068	1.528	1.62092	1.70615	1.78106	1.84358	1.89132	1.91854	1.91008	1.83635	1.67026	1.44031	1.23413	1.10502	1.04179	1.01524	1.00517	1.00164	1.00049	1.00014	1.00004	1.00001	1	1
1	1	1	1	1	1	1	1	1	1	1.0019	1.01185	1.03796	1.0849	1.15185	1.23433	1.32672	1.42369	1.52056	1.61339	1.69888	1.77439	1.83782	1.88681	1.91593	1.91088	1.84312	1.68413	1.45687	1.24685	1.11215	1.04509	1.01658	1.00567	1.00182	1.00055	1.00015	1.00004	1.00001	1	1
1	1	1	1	1	1	1	1	1	1	1.0018	1.01135	1.0366	1.08236	1.14799	1.22924	1.32059	1.41679	1.5132	1.6059	1.69162	1.76769	1.83199	1.88219	1.91314	1.91137	1.84937	1.69752	1.47342	1.25994	1.11964	1.04859	1.01803	1.00622	1.00201	1.00061	1.00017	1.00005	1.00001	1	1
1	1	1	1	1	1	1	1	1	1	1.00171	1.01086	1.0353	1.07988	1.14423	1.22424	1.31456	1.40997	1.5059	1.59846	1.68437	1.76096	1.8261	1.87746	1.91018	1.91154	1.8551	1.71041	1.48993	1.27339	1.1275	1.05232	1.01959	1.00681	1.00222	1.00068	1.0002	1.00005	1.00001	1	1
1	1	1	1	1	1	1	1	1	1	1.00163	1.0104	1.03403	1.07747	1.14055	1.21935	1.30863	1.40325	1.49868	1.59106	1.67713	1.75422	1.82015	1.87264	1.90706	1.91141	1.86033	1.72278	1.50636	1.28718	1.13572	1.05627	1.02126	1.00746	1.00245	1.00076	1.00022	1.00006	1.00002	1	1
1	1	1	1	1	1	1	1	1	1	1.00154	1.00996	1.03281	1.07513	1.13695	1.21454	1.30278	1.39661	1.49153	1.58371	1.66991	1.74746	1.81415	1.86773	1.90377	1.91099	1.86509	1.73463	1.52266	1.30128	1.14432	1.06047	1.02304	1.00815	1.0027	1.00084	1.00025	1.00007	1.00002	1	1
1	1	1	1	1	1	1	1	1	1	1.00147	1.00953	1.03163	1.07286	1.13344	1.20983	1.29704	1.39005	1.48445	1.57641	1.66272	1.74068	1.8081	1.86272	1.90034	1.9103	1.86937	1.74595	1.5388	1.31569	1.1533	1.06491	1.02496	1.0089	1.00297	1.00093	1.00028	1.00008	1.00002	1.00001	1
1	1	1	1	1	1	1	1	1	1	1.00139	1.00912	1.03049	1.07065	1.13	1.20521	1.29138	1.38359	1.47744	1.56916	1.65554	1.7339	1.80201	1.85764	1.89677	1.90935	1.87319	1.75672	1.55473	1.33036	1.16267	1.06962	1.02701	1.00971	1.00327	1.00104	1.00031	1.00009	1.00002	1.00001	1
1	1	1	1	1	1	1	1	1	1	1.00132	1.00873	1.02939	1.0685	1.12665	1.20068	1.28582	1.37721	1.47051	1.56197	1.64839	1.7271	1.79587	1.85247	1.89306	1.90815	1.87658	1.76695	1.57044	1.34529	1.17242	1.0746	1.02919	1.01059	1.00359	1.00115	1.00035	1.0001	1.00003	1.00001	1
1	1	1	1	1	1	1	1	1	1	1.00126	1.00836	1.02833	1.06641	1.12337	1.19623	1.28034	1.37092	1.46365	1.55482	1.64127	1.72031	1.7897	1.84723	1.88922	1.90671	1.87954	1.77664	1.58587	1.36043	1.18255	1.07985	1.03153	1.01153	1.00395	1.00127	1.00039	1.00011	1.00003	1.00001	1
1	1	1	1	1	1	1	1	1	1	1.00119	1.008	1.0273	1.06438	1.12017	1.19187	1.27496	1.36471	1.45686	1.54774	1.63417	1.71351	1.78349	1.84191	1.88525	1.90504	1.88209	1.78578	1.60099	1.37577	1.19307	1.0854	1.03402	1.01254	1.00433	1.0014	1.00043	1.00012	1.00003	1.00001	1
1	1	1	1	1	1	1	1	1	1	1.00113	1.00766	1.02631	1.0624	1.11705	1.1876	1.26966	1.35858	1.45015	1.5407	1.62711	1.70671	1.77725	1.83653	1.88116	1.90316	1.88425	1.79438	1.61578	1.39126	1.20397	1.09124	1.03668	1.01363	1.00474	1.00155	1.00048	1.00014	1.00004	1.00001	1
1	1	1	1	1	1	1	1	1	1	1.00108	1.00733	1.02535	1.06049	1.114	1.18341	1.26445	1.35254	1.44351	1.53373	1.62008	1.69992	1.77098	1.83109	1.87697	1.90106	1.88603	1.80244	1.63021	1.40688	1.21524	1.09739	1.03951	1.01479	1.00519	1.00171	1.00053	1.00016	1.00004	1.00001	1
1	1	1	1	1	1	1	1	1	1	1.00102	1.00702	1.02443	1.05862	1.11102	1.1793	1.25933	1.34659	1.43695	1.52681	1.61309	1.69313	1.76469	1.82559	1.87266	1.89877	1.88745	1.80998	1.64425	1.42259	1.22689	1.10386	1.04252	1.01605	1.00567	1.00188	1.00059	1.00018	1.00005	1.00001	1
1	1	1	1	1	1	1	1	1	1	1.00097	1.00671	1.02354	1.05681	1.10811	1.17528	1.25429	1.34071	1.43045	1.51995	1.60613	1.68636	1.75837	1.82003	1.86825	1.89629	1.88852	1.81699	1.65788	1.43836	1.23889	1.11065	1.04571	1.01739	1.00619	1.00207	1.00066	1.0002	1.00006	1.00001	1
1	1	1	1	1	1	1	1	1	1	1.00092	1.00643	1.02267	1.05506	1.10526	1.17133	1.24933	1.33492	1.42403	1.51315	1.59921	1.67959	1.75204	1.81442	1.86375	1.89364	1.88925	1.82349	1.67107	1.45414	1.25125	1.11777	1.04911	1.01883	1.00675	1.00228	1.00073	1.00022	1.00006	1.00002	1
1	1	1	1	1	1	1	1	1	1	1.00088	1.00615	1.02184	1.05335	1.10249	1.16746	1.24446	1.32921	1.41769	1.50641	1.59233	1.67284	1.74569	1.80876	1.85915	1.89081	1.88967	1.82948	1.6838	1.46991	1.26394	1.12523	1.05271	1.02038	1.00736	1.0025	1.0008	1.00024	1.00007	1.00002	1
1	1	1	1	1	1	1	1	1	1	1.00083	1.00588	1.02104	1.05169	1.09978	1.16367	1.23967	1.32357	1.41142	1.49972	1.58549	1.66611	1.73934	1.80305	1.85447	1.88781	1.88978	1.83499	1.69607	1.48563	1.27696	1.13303	1.05653	1.02203	1.00802	1.00275	1.00089	1.00027	1.00008	1.00002	1.00001
1	1	1	1	1	1	1	1	1	1	1.00079	1.00563	1.02027	1.05008	1.09714	1.15995	1.23496	1.31802	1.40522	1.4931	1.57869	1.65939	1.73297	1.79731	1.8497	1.88467	1.88959	1.84001	1.70785	1.50127	1.29028	1.14119	1.06057	1.02379	1.00872	1.00301	1.00098	1.0003	1.00009	1.00002	1.00001
1	1	1	1	1	1	1	1	1	1	1.00075	1.00539	1.01952	1.04851	1.09455	1.15631	1.23033	1.31255	1.39909	1.48654	1.57193	1.65269	1.72659	1.79153	1.84485	1.88137	1.88912	1.84458	1.71913	1.51677	1.30389	1.14969	1.06484	1.02567	1.00948	1.0033	1.00108	1.00034	1.0001	1.00003	1.00001
1	1	1	1	1	1	1	1	1	1	1.00071	1.00515	1.0188	1.04699	1.09203	1.15274	1.22577	1.30715	1.39304	1.48004	1.56522	1.64602	1.72021	1.78571	1.83994	1.87794	1.88839	1.84868	1.72992	1.53212	1.31777	1.15856	1.06936	1.02768	1.0103	1.00361	1.0012	1.00037	1.00011	1.00003	1.00001
1	1	1	1	1	1	1	1	1	1	1.00068	1.00493	1.01811	1.04552	1.08957	1.14924	1.2213	1.30183	1.38706	1.4736	1.55855	1.63937	1.71383	1.77986	1.83495	1.87437	1.88741	1.85235	1.74019	1.54727	1.33189	1.16778	1.07413	1.02982	1.01118	1.00394	1.00132	1.00042	1.00012	1.00004	1.00001
1	1	1	1	1	1	1	1	1	1	1.00065	1.00472	1.01743	1.04408	1.08717	1.14581	1.2169	1.29659	1.38114	1.46723	1.55193	1.63275	1.70745	1.77399	1.82989	1.87067	1.88617	1.8556	1.74995	1.5622	1.34624	1.17736	1.07916	1.0321	1.01212	1.00431	1.00145	1.00046	1.00014	1.00004	1.00001
1	1	1	1	1	1	1	1	1	1	1.00061	1.00451	1.01679	1.04269	1.08483	1.14245	1.21257	1.29142	1.37531	1.46091	1.54536	1.62615	1.70107	1.76808	1.82478	1.86686	1.88471	1.85844	1.75919	1.57686	1.36077	1.18731	1.08446	1.03453	1.01313	1.0047	1.00159	1.00051	1.00016	1.00004	1.00001
1	1	1	1	1	1	1	1	1	1	1.00058	1.00432	1.01616	1.04134	1.08255	1.13916	1.20832	1.28633	1.36954	1.45466	1.53884	1.61958	1.6947	1.76216	1.81961	1.86293	1.88303	1.86088	1.76792	1.59124	1.37548	1.1976	1.09004	1.03711	1.01422	1.00512	1.00175	1.00056	1.00017	1.00005	1.00001
1	1	1	1	1	1	1	1	1	1	1.00055	1.00413	1.01556	1.04003	1.08032	1.13594	1.20414	1.28132	1.36384	1.44847	1.53236	1.61304	1.68834	1.75622	1.81438	1.8589	1.88114	1.86294	1.77614	1.60529	1.39031	1.20825	1.0959	1.03986	1.01538	1.00558	1.00192	1.00062	1.00019	1.00006	1.00002
1	1	1	1	1	1	1	1	1	1	1.00053	1.00395	1.01498	1.03876	1.07814	1.13278	1.20004	1.27637	1.35821	1.44234	1.52593	1.60653	1.68198	1.75026	1.8091	1.85476	1.87905	1.86464	1.78385	1.61901	1.40526	1.21925	1.10206	1.04277	1.01662	1.00607	1.0021	1.00069	1.00021	1.00006	1.00002
1	1	1	1	1	1	1	1	1	1	1.0005	1.00378	1.01442	1.03752	1.07602	1.12968	1.196	1.2715	1.35265	1.43627	1.51955	1.60006	1.67563	1.74428	1.80378	1.85052	1.87676	1.86598	1.79105	1.63235	1.42028	1.23059	1.10851	1.04586	1.01795	1.0066	1.0023	1.00076	1.00024	1.00007	1.00002
1	1	1	1	1	1	1	1	1	1	1.00047	1.00361	1.01388	1.03632	1.07395	1.12665	1.19203	1.2667	1.34717	1.43027	1.51323	1.59362	1.6693	1.73829	1.79841	1.8462	1.8743	1.86698	1.79776	1.6453	1.43534	1.24226	1.11528	1.04914	1.01937	1.00717	1.00251	1.00084	1.00026	1.00008	1.00002
1	1	1	1	1	1	1	1	1	1	1.00045	1.00346	1.01336	1.03516	1.07193	1.12368	1.18814	1.26197	1.34175	1.42432	1.50695	1.58721	1.66299	1.7323	1.79301	1.84179	1.87167	1.86767	1.80399	1.65785	1.45041	1.25426	1.12236	1.05261	1.02089	1.00779	1.00275	1.00092	1.00029	1.00009	1.00003
1	1	1	1	1	1	1	1	1	1	1.00043	1.0033	1.01286	1.03403	1.06996	1.12077	1.18431	1.25731	1.33639	1.41844	1.50072	1.58084	1.65669	1.72629	1.78756	1.8373	1.86887	1.86804	1.80973	1.66996	1.46545	1.26656	1.12976	1.05628	1.02251	1.00845	1.003	1.00101	1.00032	1.0001	1.00003
1	1	1	1	1	1	1	1	1	1	1.00041	1.00316	1.01237	1.03294	1.06803	1.11793	1.18055	1.25272	1.33111	1.41262	1.49455	1.57451	1.6504	1.72029	1.78209	1.83273	1.86592	1.86812	1.81501	1.68163	1.48044	1.27915	1.13749	1.06016	1.02423	1.00916	1.00327	1.00111	1.00036	1.00011	1.00003
1	1	1	1	1	1	1	1	1	1	1.00039	1.00302	1.01191	1.03188	1.06616	1.11514	1.17685	1.2482	1.32589	1.40687	1.48843	1.56822	1.64414	1.71428	1.77658	1.82809	1.86282	1.86791	1.81983	1.69284	1.49533	1.29203	1.14555	1.06426	1.02607	1.00992	1.00357	1.00122	1.0004	1.00012	1.00004
1	1	1	1	1	1	1	1	1	1	1.00037	1.00289	1.01146	1.03085	1.06433	1.11241	1.17322	1.24375	1.32074	1.40117	1.48236	1.56196	1.6379	1.70826	1.77105	1.82338	1.85959	1.86744	1.8242	1.70359	1.5101	1.30516	1.15394	1.06859	1.02803	1.01073	1.00389	1.00134	1.00044	1.00014	1.00004
1	1	1	1	1	1	1	1	1	1	1.00035	1.00276	1.01103	1.02985	1.06255	1.10973	1.16965	1.23936	1.31566	1.39554	1.47634	1.55574	1.63168	1.70225	1.76549	1.81861	1.85622	1.86671	1.82815	1.71387	1.52471	1.31853	1.16266	1.07315	1.03012	1.01161	1.00423	1.00146	1.00048	1.00015	1.00005
1	1	1	1	1	1	1	1	1	1	1.00033	1.00264	1.01061	1.02888	1.06081	1.10711	1.16615	1.23504	1.31064	1.38996	1.47038	1.54957	1.62548	1.69625	1.75991	1.81378	1.85273	1.86573	1.83167	1.72366	1.53913	1.33213	1.17172	1.07795	1.03233	1.01254	1.0046	1.0016	1.00053	1.00017	1.00005
1	1	1	1	1	1	1	1	1	1	1.00031	1.00253	1.01021	1.02794	1.05912	1.10455	1.16271	1.23079	1.30568	1.38445	1.46446	1.54343	1.61931	1.69025	1.7543	1.80889	1.84912	1.86451	1.83479	1.73297	1.55333	1.34591	1.18112	1.083	1.03469	1.01355	1.005	1.00175	1.00058	1.00019	1.00006
1	1	1	1	1	1	1	1	1	1	1.0003	1.00242	1.00982	1.02703	1.05747	1.10204	1.15932	1.2266	1.3008	1.379	1.4586	1.53734	1.61317	1.68425	1.74868	1.80395	1.8454	1.86308	1.83752	1.74179	1.56728	1.35987	1.19085	1.08832	1.03719	1.01462	1.00543	1.00192	1.00064	1.00021	1.00006
1	1	1	1	1	1	1	1	1	1	1.00028	1.00231	1.00944	1.02614	1.05586	1.09959	1.156	1.22247	1.29597	1.3736	1.4528	1.53128	1.60705	1.67826	1.74305	1.79897	1.84158	1.86143	1.83986	1.75013	1.58095	1.37397	1.20092	1.0939	1.03984	1.01576	1.00589	1.00209	1.00071	1.00023	1.00007
1	1	1	1	1	1	1	1	1	1	1.00027	1.00221	1.00908	1.02529	1.05429	1.09718	1.15274	1.21841	1.29121	1.36827	1.44705	1.52528	1.60097	1.67229	1.7374	1.79394	1.83766	1.85959	1.84185	1.75798	1.59433	1.38819	1.21131	1.09975	1.04265	1.01699	1.00639	1.00228	1.00078	1.00025	1.00008
1	1	1	1	1	1	1	1	1	1	1.00026	1.00211	1.00874	1.02446	1.05276	1.09483	1.14954	1.21441	1.28651	1.363	1.44135	1.51931	1.59491	1.66633	1.73175	1.78887	1.83364	1.85755	1.84348	1.76535	1.60737	1.4025	1.22202	1.10588	1.04563	1.01829	1.00692	1.00249	1.00085	1.00028	1.00009
1	1	1	1	1	1	1	1	1	1	1.00024	1.00202	1.0084	1.02365	1.05127	1.09253	1.1464	1.21047	1.28187	1.35779	1.4357	1.51339	1.58888	1.66038	1.72608	1.78376	1.82953	1.85533	1.84478	1.77225	1.62007	1.41687	1.23305	1.11231	1.04878	1.01968	1.00749	1.00271	1.00093	1.00031	1.0001
1	1	1	1	1	1	1	1	1	1	1.00023	1.00193	1.00808	1.02287	1.04982	1.09027	1.14331	1.20659	1.27729	1.35263	1.43011	1.50751	1.58288	1.65444	1.72041	1.77862	1.82535	1.85293	1.84575	1.77868	1.6324	1.43126	1.24438	1.11902	1.05211	1.02117	1.00811	1.00295	1.00102	1.00034	1.00011
1	1	1	1	1	1	1	1	1	1	1.00022	1.00184	1.00777	1.02211	1.0484	1.08807	1.14028	1.20277	1.27278	1.34754	1.42457	1.50167	1.57692	1.64852	1.71474	1.77344	1.82108	1.85038	1.84641	1.78464	1.64434	1.44566	1.25601	1.12603	1.05563	1.02275	1.00877	1.00321	1.00112	1.00037	1.00012
1	1	1	1	1	1	1	1	1	1	1.00021	1.00176	1.00747	1.02138	1.04703	1.08591	1.1373	1.19902	1.26832	1.3425	1.41908	1.49588	1.57098	1.64262	1.70906	1.76823	1.81674	1.84767	1.84678	1.79015	1.65587	1.46002	1.26792	1.13335	1.05934	1.02443	1.00947	1.00349	1.00122	1.00041	1.00013
1	1	1	1	1	1	1	1	1	1	1.0002	1.00168	1.00718	1.02067	1.04568	1.0838	1.13438	1.19532	1.26393	1.33752	1.41365	1.49014	1.56508	1.63673	1.70338	1.763	1.81234	1.84481	1.84686	1.79522	1.66699	1.47432	1.2801	1.14098	1.06326	1.02622	1.01023	1.00379	1.00134	1.00045	1.00014
1	1	1	1	1	1	1	1	1	1	1.00019	1.00161	1.00691	1.01998	1.04438	1.08173	1.13151	1.19167	1.25959	1.3326	1.40827	1.48444	1.55922	1.63087	1.69771	1.75775	1.80787	1.84181	1.84667	1.79986	1.67768	1.48852	1.29253	1.14891	1.0674	1.02812	1.01103	1.00411	1.00146	1.00049	1.00016
1	1	1	1	1	1	1	1	1	1	1.00018	1.00154	1.00664	1.01932	1.0431	1.07971	1.12869	1.18809	1.25531	1.32774	1.40294	1.47879	1.55339	1.62503	1.69203	1.75247	1.80334	1.83869	1.84622	1.80407	1.68793	1.5026	1.30519	1.15716	1.07175	1.03014	1.0119	1.00446	1.00159	1.00054	1.00018
1	1	1	1	1	1	1	1	1	1	1.00017	1.00147	1.00638	1.01867	1.04186	1.07774	1.12593	1.18456	1.2511	1.32293	1.39766	1.47318	1.5476	1.61921	1.68636	1.74717	1.79875	1.83544	1.84553	1.80787	1.69773	1.51652	1.31808	1.16573	1.07632	1.03228	1.01282	1.00483	1.00174	1.0006	1.0002
1	1	1	1	1	1	1	1	1	1	1.00016	1.00141	1.00614	1.01804	1.04065	1.0758	1.12322	1.18109	1.24693	1.31818	1.39244	1.46762	1.54184	1.61341	1.6807	1.74186	1.79411	1.83207	1.8446	1.81128	1.70708	1.53026	1.33115	1.17461	1.08113	1.03455	1.01381	1.00523	1.00189	1.00065	1.00022
1	1	1	1	1	1	1	1	1	1	1.00015	1.00134	1.0059	1.01744	1.03948	1.07391	1.12055	1.17767	1.24283	1.31348	1.38727	1.4621	1.53612	1.60764	1.67505	1.73654	1.78942	1.82859	1.84344	1.81429	1.71597	1.54379	1.34441	1.1838	1.08619	1.03696	1.01486	1.00566	1.00206	1.00071	1.00024
1	1	1	1	1	1	1	1	1	1	1.00015	1.00128	1.00567	1.01685	1.03833	1.07206	1.11794	1.17431	1.23878	1.30884	1.38215	1.45663	1.53043	1.60189	1.6694	1.7312	1.78469	1.82501	1.84207	1.81694	1.72441	1.55708	1.35781	1.19331	1.09149	1.03951	1.01598	1.00613	1.00224	1.00078	1.00026
1	1	1	1	1	1	1	1	1	1	1.00014	1.00123	1.00545	1.01628	1.03722	1.07025	1.11537	1.171	1.23479	1.30426	1.37709	1.45121	1.52478	1.59616	1.66377	1.72585	1.77992	1.82133	1.8405	1.81922	1.73239	1.57011	1.37134	1.20312	1.09705	1.04222	1.01717	1.00662	1.00243	1.00085	1.00029
1	1	1	1	1	1	1	1	1	1	1.00013	1.00117	1.00524	1.01573	1.03613	1.06849	1.11286	1.16774	1.23085	1.29973	1.37207	1.44583	1.51917	1.59047	1.65814	1.72049	1.77511	1.81756	1.83874	1.82116	1.73991	1.58285	1.38497	1.21324	1.10286	1.04507	1.01845	1.00715	1.00264	1.00093	1.00032
1	1	1	1	1	1	1	1	1	1	1.00012	1.00112	1.00503	1.0152	1.03507	1.06676	1.11039	1.16454	1.22696	1.29525	1.36711	1.4405	1.5136	1.5848	1.65253	1.71513	1.77026	1.8137	1.83679	1.82276	1.74698	1.59528	1.39867	1.22366	1.10895	1.04809	1.0198	1.00772	1.00287	1.00102	1.00035
1	1	1	1	1	1	1	1	1	1	1.00012	1.00107	1.00484	1.01468	1.03404	1.06507	1.10797	1.16138	1.22313	1.29083	1.3622	1.43521	1.50807	1.57916	1.64693	1.70976	1.76538	1.80976	1.83467	1.82404	1.75359	1.60738	1.41242	1.23437	1.11531	1.05128	1.02125	1.00833	1.00311	1.00111	1.00038
1	1	1	1	1	1	1	1	1	1	1.00011	1.00102	1.00465	1.01418	1.03304	1.06342	1.10559	1.15828	1.21936	1.28646	1.35733	1.42997	1.50258	1.57354	1.64135	1.70439	1.76047	1.80575	1.83239	1.82501	1.75977	1.61913	1.42619	1.24536	1.12195	1.05465	1.02278	1.00898	1.00337	1.00121	1.00042
1	1	1	1	1	1	1	1	1	1	1.00011	1.00098	1.00446	1.0137	1.03207	1.0618	1.10326	1.15523	1.21563	1.28214	1.35252	1.42478	1.49712	1.56796	1.63579	1.69902	1.75553	1.80166	1.82995	1.82568	1.76551	1.63051	1.43995	1.25662	1.12887	1.0582	1.02441	1.00968	1.00366	1.00132	1.00046
1	1	1	1	1	1	1	1	1	1	1.0001	1.00093	1.00429	1.01323	1.03112	1.06022	1.10097	1.15223	1.21196	1.27788	1.34776	1.41963	1.49171	1.56241	1.63024	1.69365	1.75057	1.7975	1.82736	1.82607	1.77082	1.64152	1.45367	1.26814	1.13608	1.06194	1.02614	1.01042	1.00396	1.00144	1.0005
1	1	1	1	1	1	1	1	1	1	1.0001	1.00089	1.00412	1.01278	1.0302	1.05868	1.09873	1.14928	1.20834	1.27367	1.34306	1.41453	1.48633	1.55688	1.62471	1.68828	1.74559	1.79329	1.82463	1.82619	1.77571	1.65213	1.46732	1.2799	1.14358	1.06587	1.02798	1.01122	1.00428	1.00156	1.00055
1	1	1	1	1	1	1	1	1	1	1.00009	1.00085	1.00396	1.01234	1.0293	1.05717	1.09653	1.14637	1.20477	1.26951	1.3384	1.40947	1.48099	1.55139	1.6192	1.68291	1.74059	1.78901	1.82177	1.82604	1.7802	1.66234	1.48088	1.29189	1.15138	1.07001	1.02992	1.01206	1.00463	1.0017	1.0006
1	1	1	1	1	1	1	1	1	1	1.00009	1.00081	1.0038	1.01192	1.02843	1.0557	1.09437	1.14351	1.20126	1.2654	1.33379	1.40446	1.4757	1.54593	1.61371	1.67755	1.73557	1.78468	1.81879	1.82565	1.78428	1.67214	1.49432	1.3041	1.15947	1.07437	1.03199	1.01297	1.005	1.00185	1.00065
1	1	1	1	1	1	1	1	1	1	1.00008	1.00078	1.00365	1.01151	1.02758	1.05426	1.09226	1.1407	1.19779	1.26134	1.32922	1.3995	1.47044	1.5405	1.60824	1.67219	1.73053	1.7803	1.81568	1.82503	1.78797	1.68151	1.5076	1.3165	1.16785	1.07894	1.03418	1.01393	1.0054	1.002	1.00071
1	1	1	1	1	1	1	1	1	1	1.00008	1.00074	1.00351	1.01111	1.02675	1.05285	1.09018	1.13794	1.19437	1.25733	1.32471	1.39458	1.46523	1.5351	1.60279	1.66685	1.72549	1.77587	1.81247	1.82418	1.79128	1.69046	1.52071	1.32908	1.17653	1.08374	1.03649	1.01496	1.00583	1.00217	1.00078
1	1	1	1	1	1	1	1	1	1	1.00007	1.00071	1.00337	1.01072	1.02595	1.05148	1.08815	1.13522	1.191	1.25337	1.32025	1.38971	1.46005	1.52974	1.59737	1.66151	1.72043	1.77139	1.80915	1.82311	1.79423	1.69898	1.53362	1.34182	1.18551	1.08876	1.03894	1.01605	1.00629	1.00236	1.00085
1	1	1	1	1	1	1	1	1	1	1.00007	1.00068	1.00324	1.01035	1.02517	1.05014	1.08615	1.13255	1.18768	1.24946	1.31584	1.38488	1.45492	1.52441	1.59197	1.65618	1.71536	1.76688	1.80574	1.82184	1.79682	1.70708	1.5463	1.35469	1.19477	1.09403	1.04153	1.01721	1.00678	1.00256	1.00092
1	1	1	1	1	1	1	1	1	1	1.00007	1.00065	1.00311	1.00999	1.02441	1.04883	1.08419	1.12992	1.1844	1.2456	1.31147	1.3801	1.44982	1.51911	1.58659	1.65086	1.71028	1.76233	1.80223	1.82037	1.79907	1.71474	1.55873	1.36766	1.20433	1.09954	1.04426	1.01845	1.00731	1.00277	1.001
1	1	1	1	1	1	1	1	1	1	1.00006	1.00062	1.00298	1.00965	1.02367	1.04755	1.08228	1.12734	1.18118	1.24179	1.30715	1.37537	1.44477	1.51385	1.58124	1.64556	1.7052	1.75774	1.79863	1.81872	1.80098	1.72197	1.57089	1.38073	1.21416	1.1053	1.04715	1.01976	1.00787	1.00299	1.00109
1	1	1	1	1	1	1	1	1	1	1.00006	1.00059	1.00287	1.00931	1.02295	1.0463	1.0804	1.1248	1.178	1.23803	1.30288	1.37068	1.43975	1.50862	1.57591	1.64027	1.70012	1.75312	1.79496	1.81689	1.80258	1.72877	1.58275	1.39386	1.22427	1.11132	1.05019	1.02116	1.00847	1.00324	1.00119
1	1	1	1	1	1	1	1	1	1	1.00006	1.00056	1.00275	1.00898	1.02226	1.04507	1.07856	1.1223	1.17486	1.23431	1.29865	1.36603	1.43478	1.50343	1.57061	1.63499	1.69503	1.74848	1.7912	1.8149	1.80387	1.73515	1.59431	1.40702	1.23465	1.11759	1.0534	1.02264	1.00911	1.0035	1.00129
1	1	1	1	1	1	1	1	1	1	1.00005	1.00054	1.00264	1.00867	1.02158	1.04388	1.07675	1.11985	1.17178	1.23064	1.29448	1.36143	1.42985	1.49827	1.56533	1.62973	1.68994	1.7438	1.78738	1.81275	1.80486	1.74111	1.60554	1.4202	1.24529	1.12414	1.05678	1.02422	1.00979	1.00378	1.0014
1	1	1	1	1	1	1	1	1	1	1.00005	1.00051	1.00254	1.00837	1.02092	1.04272	1.07498	1.11743	1.16873	1.22702	1.29034	1.35687	1.42496	1.49314	1.56008	1.62448	1.68485	1.73911	1.78348	1.81045	1.80558	1.74666	1.61642	1.43336	1.25619	1.13095	1.06034	1.02588	1.01052	1.00408	1.00152
1	1	1	1	1	1	1	1	1	1	1.00005	1.00049	1.00244	1.00807	1.02028	1.04158	1.07325	1.11506	1.16574	1.22345	1.28626	1.35236	1.42011	1.48805	1.55486	1.61925	1.67977	1.73439	1.77952	1.80801	1.80602	1.75181	1.62695	1.44648	1.26731	1.13803	1.06409	1.02765	1.0113	1.00441	1.00165
1	1	1	1	1	1	1	1	1	1	1.00005	1.00047	1.00234	1.00779	1.01965	1.04047	1.07155	1.11273	1.16278	1.21992	1.28222	1.34789	1.4153	1.483	1.54967	1.61403	1.67468	1.72965	1.77551	1.80543	1.8062	1.75655	1.6371	1.45953	1.27867	1.14538	1.06802	1.02952	1.01212	1.00475	1.00179
1	1	1	1	1	1	1	1	1	1	1.00004	1.00045	1.00224	1.00751	1.01905	1.03939	1.06988	1.11044	1.15987	1.21643	1.27822	1.34346	1.41053	1.47798	1.5445	1.60884	1.6696	1.7249	1.77144	1.80273	1.80613	1.76091	1.64688	1.47249	1.29023	1.15302	1.07215	1.0315	1.013	1.00512	1.00194
1	1	1	1	1	1	1	1	1	1	1.00004	1.00043	1.00215	1.00725	1.01846	1.03833	1.06825	1.10819	1.15701	1.21299	1.27428	1.33908	1.4058	1.47299	1.53936	1.60366	1.66453	1.72013	1.76732	1.79991	1.80582	1.76489	1.65627	1.48533	1.30199	1.16093	1.07649	1.0336	1.01394	1.00552	1.0021
1	1	1	1	1	1	1	1	1	1	1.00004	1.00041	1.00207	1.00699	1.01789	1.0373	1.06665	1.10598	1.15418	1.2096	1.27037	1.33474	1.40111	1.46804	1.53426	1.59851	1.65947	1.71535	1.76315	1.79698	1.80529	1.76851	1.66527	1.49802	1.31392	1.16912	1.08103	1.03582	1.01494	1.00594	1.00227
1	1	1	1	1	1	1	1	1	1	1.00004	1.00039	1.00198	1.00674	1.01734	1.03629	1.06509	1.1038	1.1514	1.20624	1.26651	1.33045	1.39646	1.46313	1.52918	1.59337	1.65441	1.71056	1.75893	1.79394	1.80454	1.77176	1.67386	1.51055	1.32602	1.17758	1.08579	1.03816	1.016	1.0064	1.00245
1	1	1	1	1	1	1	1	1	1	1.00004	1.00037	1.0019	1.0065	1.0168	1.03531	1.06355	1.10166	1.14866	1.20294	1.26269	1.32619	1.39185	1.45825	1.52413	1.58826	1.64936	1.70575	1.75468	1.7908	1.80358	1.77466	1.68206	1.52289	1.33825	1.18632	1.09078	1.04063	1.01712	1.00688	1.00265
1	1	1	1	1	1	1	1	1	1	1.00003	1.00036	1.00183	1.00627	1.01627	1.03435	1.06205	1.09957	1.14596	1.19967	1.25892	1.32198	1.38728	1.45341	1.51911	1.58317	1.64432	1.70094	1.75039	1.78756	1.80243	1.77723	1.68984	1.535	1.35061	1.19533	1.09599	1.04324	1.01832	1.00739	1.00286
1	1	1	1	1	1	1	1	1	1	1.00003	1.00034	1.00175	1.00605	1.01577	1.03342	1.06058	1.0975	1.1433	1.19645	1.25519	1.31781	1.38275	1.4486	1.51412	1.5781	1.63929	1.69613	1.74606	1.78424	1.80109	1.77947	1.69723	1.54689	1.36306	1.20461	1.10143	1.04599	1.01959	1.00794	1.00309
1	1	1	1	1	1	1	1	1	1	1.00003	1.00032	1.00168	1.00583	1.01527	1.03251	1.05914	1.09548	1.14068	1.19327	1.25151	1.31369	1.37826	1.44383	1.50916	1.57305	1.63428	1.69131	1.7417	1.78083	1.79957	1.78139	1.70421	1.55852	1.37559	1.21416	1.10711	1.04889	1.02093	1.00853	1.00333
1	1	1	1	1	1	1	1	1	1	1.00003	1.00031	1.00162	1.00562	1.01479	1.03162	1.05773	1.09349	1.13811	1.19013	1.24786	1.3096	1.37381	1.4391	1.50423	1.56802	1.62927	1.68649	1.73731	1.77735	1.79789	1.78301	1.71078	1.56987	1.38817	1.22396	1.11304	1.05194	1.02236	1.00916	1.00359
1	1	1	1	1	1	1	1	1	1	1.00003	1.0003	1.00155	1.00542	1.01433	1.03075	1.05635	1.09153	1.13557	1.18704	1.24426	1.30556	1.3694	1.4344	1.49933	1.56302	1.62428	1.68166	1.7329	1.77379	1.79604	1.78434	1.71696	1.58093	1.40078	1.23401	1.11921	1.05516	1.02387	1.00982	1.00387
1	1	1	1	1	1	1	1	1	1	1.00003	1.00028	1.00149	1.00523	1.01388	1.0299	1.055	1.08961	1.13307	1.18398	1.2407	1.30156	1.36503	1.42974	1.49446	1.55804	1.61931	1.67684	1.72846	1.77016	1.79404	1.78538	1.72275	1.59168	1.4134	1.2443	1.12563	1.05854	1.02547	1.01053	1.00417
1	1	1	1	1	1	1	1	1	1	1.00003	1.00027	1.00143	1.00504	1.01344	1.02908	1.05367	1.08773	1.1306	1.18097	1.23718	1.2976	1.3607	1.42511	1.48963	1.55309	1.61435	1.67201	1.724	1.76647	1.7919	1.78615	1.72814	1.60211	1.426	1.25482	1.13231	1.06209	1.02717	1.01129	1.00449
1	1	1	1	1	1	1	1	1	1	1.00002	1.00026	1.00137	1.00486	1.01301	1.02827	1.05238	1.08587	1.12818	1.17799	1.2337	1.29368	1.3564	1.42052	1.48482	1.54816	1.6094	1.66719	1.71951	1.76272	1.78962	1.78667	1.73315	1.61221	1.43855	1.26556	1.13925	1.06582	1.02896	1.01209	1.00483
1	1	1	1	1	1	1	1	1	1	1.00002	1.00025	1.00131	1.00468	1.0126	1.02749	1.05111	1.08405	1.12579	1.17506	1.23027	1.2898	1.35215	1.41597	1.48005	1.54326	1.60448	1.66238	1.71502	1.75891	1.78721	1.78693	1.73779	1.62196	1.45105	1.2765	1.14644	1.06973	1.03086	1.01294	1.0052
1	1	1	1	1	1	1	1	1	1	1.00002	1.00023	1.00126	1.00451	1.0122	1.02672	1.04987	1.08227	1.12344	1.17217	1.22687	1.28596	1.34793	1.41145	1.47531	1.53838	1.59956	1.65756	1.7105	1.75505	1.78469	1.78696	1.74206	1.63135	1.46345	1.28764	1.1539	1.07383	1.03286	1.01385	1.00559
1	1	1	1	1	1	1	1	1	1	1.00002	1.00022	1.00121	1.00435	1.01181	1.02598	1.04865	1.08052	1.12113	1.16931	1.22352	1.28216	1.34376	1.40697	1.4706	1.53353	1.59467	1.65276	1.70597	1.75114	1.78204	1.78675	1.74597	1.64038	1.47573	1.29896	1.16162	1.07813	1.03498	1.01482	1.006
1	1	1	1	1	1	1	1	1	1	1.00002	1.00021	1.00116	1.00419	1.01143	1.02525	1.04746	1.07879	1.11885	1.16649	1.2202	1.2784	1.33962	1.40252	1.46592	1.5287	1.5898	1.64796	1.70144	1.74719	1.77929	1.78633	1.74953	1.64904	1.48788	1.31044	1.16959	1.08263	1.03721	1.01584	1.00644
1	1	1	1	1	1	1	1	1	1	1.00002	1.0002	1.00111	1.00404	1.01107	1.02454	1.0463	1.0771	1.11661	1.16371	1.21692	1.27468	1.33552	1.39811	1.46127	1.5239	1.58494	1.64316	1.69689	1.74319	1.77643	1.7857	1.75275	1.65733	1.49987	1.32207	1.17783	1.08734	1.03957	1.01692	1.00692
1	1	1	1	1	1	1	1	1	1	1.00002	1.00019	1.00107	1.00389	1.01071	1.02385	1.04516	1.07545	1.11441	1.16097	1.21369	1.271	1.33146	1.39374	1.45666	1.51913	1.5801	1.63838	1.69233	1.73916	1.77348	1.78488	1.75564	1.66524	1.51168	1.33382	1.18632	1.09226	1.04205	1.01808	1.00742
1	1	1	1	1	1	1	1	1	1	1.00002	1.00019	1.00102	1.00375	1.01037	1.02318	1.04405	1.07382	1.11224	1.15827	1.21049	1.26736	1.32743	1.3894	1.45207	1.51439	1.57529	1.63361	1.68776	1.73508	1.77044	1.78386	1.7582	1.67276	1.52328	1.34568	1.19507	1.0974	1.04467	1.0193	1.00796
1	1	1	1	1	1	1	1	1	1	1.00002	1.00018	1.00098	1.00361	1.01003	1.02252	1.04296	1.07222	1.1101	1.15561	1.20733	1.26375	1.32344	1.38509	1.44752	1.50967	1.57049	1.62884	1.68319	1.73098	1.76731	1.78266	1.76046	1.67991	1.53467	1.35763	1.20407	1.10276	1.04742	1.02059	1.00853
1	1	1	1	1	1	1	1	1	1	1.00002	1.00017	1.00094	1.00348	1.00971	1.02188	1.04189	1.07065	1.108	1.15298	1.2042	1.26019	1.31949	1.38082	1.443	1.50498	1.56571	1.62409	1.67862	1.72684	1.7641	1.78129	1.76241	1.68667	1.54581	1.36965	1.21332	1.10834	1.05032	1.02196	1.00914
1	1	1	1	1	1	1	1	1	1	1.00001	1.00016	1.0009	1.00335	1.00939	1.02126	1.04085	1.06911	1.10593	1.15038	1.20112	1.25666	1.31558	1.37659	1.43852	1.50031	1.56096	1.61935	1.67404	1.72268	1.76081	1.77976	1.76408	1.69306	1.5567	1.38172	1.2228	1.11416	1.05337	1.02341	1.00978
1	1	1	1	1	1	1	1	1	1	1.00001	1.00015	1.00087	1.00323	1.00909	1.02066	1.03983	1.0676	1.10389	1.14783	1.19807	1.25317	1.31171	1.37239	1.43406	1.49568	1.55623	1.61462	1.66946	1.71849	1.75745	1.77807	1.76546	1.69907	1.56732	1.3938	1.23252	1.12021	1.05657	1.02494	1.01047
1	1	1	1	1	1	1	1	1	1	1.00001	1.00015	1.00083	1.00311	1.00879	1.02007	1.03883	1.06612	1.10189	1.1453	1.19506	1.24972	1.30787	1.36822	1.42964	1.49107	1.55151	1.60991	1.66489	1.71428	1.75403	1.77624	1.76657	1.70471	1.57764	1.4059	1.24246	1.1265	1.05993	1.02656	1.0112
1	1	1	1	1	1	1	1	1	1	1.00001	1.00014	1.0008	1.003	1.00851	1.01949	1.03786	1.06466	1.09992	1.14282	1.19209	1.2463	1.30406	1.3641	1.42525	1.48649	1.54683	1.60521	1.66031	1.71004	1.75054	1.77427	1.76743	1.70999	1.58766	1.41797	1.25261	1.13303	1.06346	1.02827	1.01198
1	1	1	1	1	1	1	1	1	1	1.00001	1.00013	1.00076	1.00289	1.00823	1.01893	1.03691	1.06324	1.09798	1.14037	1.18915	1.24292	1.3003	1.36	1.42089	1.48194	1.54216	1.60052	1.65574	1.70579	1.747	1.77216	1.76803	1.7149	1.59737	1.43	1.26297	1.13981	1.06716	1.03008	1.0128
1	1	1	1	1	1	1	1	1	1	1.00001	1.00013	1.00073	1.00278	1.00796	1.01839	1.03597	1.06184	1.09607	1.13795	1.18625	1.23958	1.29657	1.35594	1.41657	1.47742	1.53752	1.59585	1.65116	1.70152	1.7434	1.76993	1.7684	1.71945	1.60676	1.44197	1.27351	1.14683	1.07103	1.03199	1.01368
1	1	1	1	1	1	1	1	1	1	1.00001	1.00012	1.0007	1.00268	1.0077	1.01786	1.03506	1.06046	1.0942	1.13557	1.18339	1.23628	1.29287	1.35192	1.41227	1.47292	1.5329	1.5912	1.6466	1.69724	1.73975	1.76759	1.76853	1.72366	1.61581	1.45385	1.28424	1.15409	1.07509	1.03401	1.01461
1	1	1	1	1	1	1	1	1	1	1.00001	1.00012	1.00067	1.00258	1.00745	1.01734	1.03417	1.05912	1.09235	1.13322	1.18056	1.23301	1.28921	1.34792	1.40801	1.46845	1.5283	1.58656	1.64204	1.69294	1.73605	1.76513	1.76845	1.72753	1.62453	1.46562	1.29513	1.1616	1.07934	1.03613	1.01559
1	1	1	1	1	1	1	1	1	1	1.00001	1.00011	1.00064	1.00248	1.0072	1.01683	1.0333	1.0578	1.09054	1.1309	1.17776	1.22977	1.28559	1.34397	1.40378	1.46402	1.52373	1.58194	1.63748	1.68863	1.73231	1.76256	1.76816	1.73106	1.63289	1.47727	1.30617	1.16936	1.08378	1.03837	1.01663
1	1	1	1	1	1	1	1	1	1	1.00001	1.00011	1.00062	1.00239	1.00696	1.01635	1.03245	1.0565	1.08875	1.12862	1.175	1.22658	1.282	1.34004	1.39958	1.45961	1.51918	1.57733	1.63293	1.68431	1.72853	1.75989	1.76766	1.73427	1.64091	1.48876	1.31735	1.17736	1.08842	1.04073	1.01774
1	1	1	1	1	1	1	1	1	1	1.00001	1.0001	1.00059	1.0023	1.00673	1.01587	1.03162	1.05523	1.08699	1.12637	1.17228	1.22341	1.27845	1.33616	1.39542	1.45523	1.51465	1.57275	1.62839	1.67999	1.7247	1.75713	1.76697	1.73717	1.64857	1.50009	1.32864	1.1856	1.09326	1.04321	1.01891
1	1	1	1	1	1	1	1	1	1	1.00001	1.0001	1.00057	1.00222	1.00651	1.0154	1.03081	1.05398	1.08527	1.12415	1.16959	1.22029	1.27493	1.3323	1.39128	1.45087	1.51015	1.56818	1.62386	1.67565	1.72085	1.75428	1.76611	1.73976	1.65587	1.51122	1.34003	1.19408	1.0983	1.04582	1.02015
1	1	1	1	1	1	1	1	1	1	1.00001	1.00009	1.00054	1.00213	1.00629	1.01495	1.03001	1.05276	1.08357	1.12197	1.16693	1.21719	1.27145	1.32848	1.38718	1.44655	1.50568	1.56363	1.61934	1.67131	1.71696	1.75135	1.76506	1.74205	1.66282	1.52215	1.3515	1.20279	1.10356	1.04856	1.02146
1	1	1	1	1	1	1	1	1	1	1.00001	1.00009	1.00052	1.00205	1.00608	1.01451	1.02924	1.05157	1.0819	1.11981	1.16431	1.21413	1.268	1.32469	1.38311	1.44226	1.50122	1.5591	1.61483	1.66697	1.71304	1.74834	1.76385	1.74405	1.66941	1.53286	1.36303	1.21173	1.10904	1.05145	1.02284
1	1	1	1	1	1	1	1	1	1	1.00001	1.00008	1.0005	1.00198	1.00588	1.01409	1.02848	1.05039	1.08026	1.11769	1.16172	1.21111	1.26458	1.32094	1.37907	1.43799	1.4968	1.55458	1.61033	1.66262	1.70909	1.74525	1.76248	1.74578	1.67564	1.54333	1.3746	1.2209	1.11473	1.05447	1.0243
1	1	1	1	1	1	1	1	1	1	1.00001	1.00008	1.00048	1.0019	1.00569	1.01367	1.02774	1.04924	1.07865	1.1156	1.15916	1.20812	1.2612	1.31721	1.37506	1.43375	1.4924	1.55009	1.60584	1.65828	1.70512	1.7421	1.76097	1.74724	1.68151	1.55354	1.3862	1.23028	1.12065	1.05765	1.02585
1	1	1	1	1	1	1	1	1	1	1.00001	1.00008	1.00046	1.00183	1.0055	1.01327	1.02702	1.04811	1.07706	1.11354	1.15664	1.20516	1.25786	1.31353	1.37108	1.42955	1.48802	1.54562	1.60137	1.65393	1.70113	1.73888	1.7593	1.74844	1.68704	1.56348	1.3978	1.23987	1.12679	1.06098	1.02748
1	1	1	1	1	1	1	1	1	1	1.00001	1.00007	1.00044	1.00176	1.00531	1.01287	1.02631	1.04701	1.0755	1.11151	1.15414	1.20224	1.25454	1.30987	1.36714	1.42537	1.48367	1.54117	1.5969	1.64958	1.69711	1.7356	1.75751	1.74939	1.69222	1.57314	1.40938	1.24966	1.13316	1.06447	1.0292
1	1	1	1	1	1	1	1	1	1	1.00001	1.00007	1.00042	1.0017	1.00513	1.01249	1.02562	1.04592	1.07397	1.10951	1.15168	1.19935	1.25126	1.30625	1.36322	1.42122	1.47935	1.53674	1.59245	1.64524	1.69308	1.73226	1.75558	1.7501	1.69706	1.5825	1.42092	1.25964	1.13977	1.06813	1.03102
1	1	1	1	1	1	1	1	1	1	1.00001	1.00007	1.0004	1.00163	1.00496	1.01212	1.02495	1.04486	1.07246	1.10753	1.14925	1.19649	1.24801	1.30265	1.35934	1.4171	1.47505	1.53233	1.58802	1.6409	1.68903	1.72886	1.75353	1.75058	1.70156	1.59157	1.4324	1.2698	1.1466	1.07196	1.03293
1	1	1	1	1	1	1	1	1	1	1.00001	1.00006	1.00039	1.00157	1.00479	1.01175	1.02429	1.04382	1.07098	1.10559	1.14686	1.19366	1.2448	1.2991	1.35549	1.413	1.47077	1.52794	1.58359	1.63656	1.68497	1.72542	1.75137	1.75084	1.70573	1.60032	1.4438	1.28012	1.15366	1.07596	1.03495
1	1	1	1	1	1	1	1	1	1	1	1.00006	1.00037	1.00151	1.00463	1.0114	1.02365	1.0428	1.06953	1.10368	1.14449	1.19087	1.24161	1.29557	1.35166	1.40894	1.46652	1.52357	1.57919	1.63222	1.68089	1.72193	1.7491	1.75088	1.70957	1.60875	1.4551	1.2906	1.16095	1.08014	1.03707
1	1	1	1	1	1	1	1	1	1	1	1.00006	1.00036	1.00146	1.00447	1.01106	1.02302	1.0418	1.0681	1.10179	1.14215	1.18811	1.23846	1.29207	1.34787	1.40491	1.4623	1.51923	1.5748	1.6279	1.6768	1.7184	1.74672	1.75073	1.71311	1.61686	1.46628	1.30122	1.16848	1.0845	1.0393
1	1	1	1	1	1	1	1	1	1	1	1.00006	1.00034	1.0014	1.00432	1.01073	1.02241	1.04083	1.0667	1.09994	1.13985	1.18538	1.23535	1.28861	1.34411	1.4009	1.4581	1.5149	1.57042	1.62357	1.6727	1.71482	1.74425	1.75038	1.71633	1.62464	1.47732	1.31195	1.17624	1.08906	1.04165
1	1	1	1	1	1	1	1	1	1	1	1.00005	1.00033	1.00135	1.00418	1.0104	1.02181	1.03987	1.06532	1.09811	1.13758	1.18268	1.23226	1.28518	1.34038	1.39692	1.45393	1.5106	1.56606	1.61926	1.66859	1.71121	1.74168	1.74984	1.71925	1.63209	1.4882	1.3228	1.18422	1.0938	1.04412
1	1	1	1	1	1	1	1	1	1	1	1.00005	1.00031	1.0013	1.00403	1.01009	1.02123	1.03893	1.06396	1.09631	1.13533	1.18001	1.2292	1.28178	1.33668	1.39297	1.44979	1.50632	1.56172	1.61495	1.66447	1.70756	1.73903	1.74913	1.72188	1.6392	1.4989	1.33374	1.19242	1.09875	1.04671
1	1	1	1	1	1	1	1	1	1	1	1.00005	1.0003	1.00125	1.0039	1.00978	1.02066	1.03801	1.06263	1.09454	1.13312	1.17738	1.22618	1.27841	1.33301	1.38905	1.44567	1.50206	1.55739	1.61065	1.66035	1.70388	1.73629	1.74824	1.72423	1.64598	1.50942	1.34476	1.20085	1.10389	1.04944
1	1	1	1	1	1	1	1	1	1	1	1.00005	1.00029	1.0012	1.00376	1.00949	1.02011	1.03711	1.06132	1.09279	1.13093	1.17477	1.22319	1.27507	1.32937	1.38516	1.44158	1.49783	1.55308	1.60636	1.65623	1.70018	1.73348	1.7472	1.7263	1.65242	1.51973	1.35583	1.20949	1.10925	1.05229
1	1	1	1	1	1	1	1	1	1	1	1.00004	1.00027	1.00115	1.00363	1.0092	1.01956	1.03623	1.06004	1.09107	1.12877	1.17219	1.22023	1.27176	1.32576	1.3813	1.43751	1.49362	1.54879	1.60208	1.6521	1.69644	1.73059	1.746	1.7281	1.65852	1.52981	1.36694	1.21834	1.1148	1.05529
1	1	1	1	1	1	1	1	1	1	1	1.00004	1.00026	1.00111	1.00351	1.00892	1.01904	1.03536	1.05877	1.08938	1.12665	1.16965	1.2173	1.26849	1.32218	1.37746	1.43347	1.48943	1.54452	1.59782	1.64797	1.69268	1.72764	1.74466	1.72965	1.66429	1.53965	1.37807	1.22739	1.12058	1.05843
1	1	1	1	1	1	1	1	1	1	1	1.00004	1.00025	1.00107	1.00339	1.00864	1.01852	1.03452	1.05753	1.08771	1.12455	1.16713	1.2144	1.26524	1.31863	1.37365	1.42946	1.48526	1.54027	1.59356	1.64383	1.68889	1.72462	1.74317	1.73094	1.66973	1.54925	1.3892	1.23664	1.12656	1.06172
1	1	1	1	1	1	1	1	1	1	1	1.00004	1.00024	1.00103	1.00327	1.00838	1.01802	1.03369	1.05632	1.08607	1.12247	1.16465	1.21153	1.26202	1.31511	1.36987	1.42547	1.48111	1.53603	1.58931	1.6397	1.68509	1.72154	1.74155	1.732	1.67484	1.55858	1.40032	1.24607	1.13276	1.06516
1	1	1	1	1	1	1	1	1	1	1	1.00004	1.00023	1.00099	1.00316	1.00812	1.01753	1.03288	1.05512	1.08445	1.12043	1.16219	1.20869	1.25884	1.31162	1.36612	1.42151	1.47699	1.53181	1.58508	1.63557	1.68127	1.7184	1.73981	1.73283	1.67963	1.56764	1.4114	1.25568	1.13918	1.06876
1	1	1	1	1	1	1	1	1	1	1	1.00003	1.00022	1.00095	1.00305	1.00787	1.01705	1.03209	1.05395	1.08286	1.11842	1.15977	1.20588	1.25568	1.30816	1.3624	1.41757	1.4729	1.52761	1.58086	1.63144	1.67742	1.71521	1.73795	1.73343	1.6841	1.57642	1.42243	1.26546	1.14581	1.07252
1	1	1	1	1	1	1	1	1	1	1	1.00003	1.00021	1.00091	1.00295	1.00763	1.01658	1.03131	1.0528	1.0813	1.11643	1.15737	1.2031	1.25255	1.30473	1.35871	1.41366	1.46882	1.52343	1.57665	1.62731	1.67357	1.71197	1.73597	1.73383	1.68825	1.58491	1.43338	1.27539	1.15267	1.07645
1	1	1	1	1	1	1	1	1	1	1	1.00003	1.0002	1.00088	1.00284	1.00739	1.01613	1.03055	1.05167	1.07976	1.11447	1.155	1.20035	1.24946	1.30132	1.35504	1.40978	1.46477	1.51927	1.57245	1.62319	1.6697	1.70868	1.73389	1.73401	1.6921	1.5931	1.44424	1.28547	1.15974	1.08056
1	1	1	1	1	1	1	1	1	1	1	1.00003	1.00019	1.00084	1.00275	1.00716	1.01568	1.02981	1.05056	1.07824	1.11253	1.15266	1.19763	1.24639	1.29795	1.3514	1.40592	1.46074	1.51513	1.56827	1.61907	1.66581	1.70535	1.7317	1.734	1.69564	1.60098	1.45499	1.29567	1.16703	1.08483
1	1	1	1	1	1	1	1	1	1	1	1.00003	1.00019	1.00081	1.00265	1.00694	1.01525	1.02908	1.04947	1.07675	1.11063	1.15035	1.19493	1.24335	1.2946	1.34779	1.40208	1.45674	1.51101	1.56411	1.61496	1.66192	1.70198	1.72942	1.7338	1.6989	1.60856	1.46561	1.30599	1.17454	1.08929
1	1	1	1	1	1	1	1	1	1	1	1.00003	1.00018	1.00078	1.00256	1.00672	1.01483	1.02837	1.0484	1.07528	1.10874	1.14806	1.19227	1.24034	1.29129	1.3442	1.39828	1.45276	1.50691	1.55995	1.61085	1.65802	1.69857	1.72705	1.73342	1.70186	1.61583	1.47608	1.31641	1.18226	1.09394
1	1	1	1	1	1	1	1	1	1	1	1.00003	1.00017	1.00075	1.00247	1.00652	1.01442	1.02767	1.04735	1.07383	1.10689	1.1458	1.18963	1.23736	1.288	1.34065	1.3945	1.4488	1.50283	1.55582	1.60676	1.65411	1.69513	1.72459	1.73287	1.70455	1.62278	1.4864	1.32692	1.19019	1.09877
1	1	1	1	1	1	1	1	1	1	1	1.00002	1.00016	1.00072	1.00238	1.00631	1.01402	1.02699	1.04632	1.07241	1.10506	1.14358	1.18703	1.23441	1.28474	1.33712	1.39074	1.44487	1.49877	1.55169	1.60266	1.65019	1.69165	1.72205	1.73215	1.70696	1.62941	1.49653	1.3375	1.19833	1.10379
1	1	1	1	1	1	1	1	1	1	1	1.00002	1.00016	1.00069	1.0023	1.00611	1.01363	1.02633	1.04531	1.07101	1.10326	1.14137	1.18445	1.23148	1.2815	1.33362	1.38701	1.44096	1.49473	1.54759	1.59858	1.64627	1.68814	1.71943	1.73128	1.70911	1.63573	1.50648	1.34814	1.20666	1.10901
1	1	1	1	1	1	1	1	1	1	1	1.00002	1.00015	1.00067	1.00222	1.00592	1.01324	1.02567	1.04431	1.06964	1.10148	1.1392	1.1819	1.22858	1.2783	1.33014	1.38331	1.43707	1.49071	1.5435	1.5945	1.64235	1.68461	1.71674	1.73025	1.71101	1.64173	1.51621	1.35881	1.2152	1.11442
1	1	1	1	1	1	1	1	1	1	1	1.00002	1.00014	1.00064	1.00214	1.00574	1.01287	1.02504	1.04334	1.06828	1.09972	1.13705	1.17937	1.22572	1.27512	1.32669	1.37963	1.43321	1.48672	1.53942	1.59044	1.63842	1.68105	1.71398	1.72908	1.71265	1.64742	1.52573	1.36951	1.22393	1.12004
1	1	1	1	1	1	1	1	1	1	1	1.00002	1.00014	1.00062	1.00207	1.00555	1.01251	1.02441	1.04239	1.06695	1.09799	1.13493	1.17688	1.22288	1.27197	1.32327	1.37598	1.42937	1.48274	1.53537	1.58638	1.63449	1.67747	1.71116	1.72778	1.71406	1.65279	1.53501	1.3802	1.23284	1.12586
1	1	1	1	1	1	1	1	1	1	1	1.00002	1.00013	1.00059	1.00199	1.00538	1.01216	1.0238	1.04145	1.06564	1.09629	1.13283	1.17441	1.22006	1.26885	1.31988	1.37236	1.42555	1.47878	1.53133	1.58233	1.63055	1.67386	1.70828	1.72634	1.71523	1.65785	1.54405	1.39089	1.24192	1.13188
1	1	1	1	1	1	1	1	1	1	1	1.00002	1.00013	1.00057	1.00192	1.00521	1.01182	1.02321	1.04053	1.06435	1.09461	1.13076	1.17197	1.21728	1.26575	1.31651	1.36875	1.42176	1.47485	1.5273	1.5783	1.62662	1.67024	1.70534	1.72478	1.71619	1.66261	1.55284	1.40154	1.25117	1.13811
1	1	1	1	1	1	1	1	1	1	1	1.00002	1.00012	1.00055	1.00186	1.00504	1.01148	1.02262	1.03963	1.06308	1.09295	1.12872	1.16955	1.21452	1.26269	1.31317	1.36518	1.41799	1.47093	1.5233	1.57427	1.62269	1.66659	1.70235	1.72311	1.71692	1.66706	1.56136	1.41214	1.26058	1.14454
