1	1	1	1	1	1	1	1	1	1	2	2	2	2	2	2	2	2	2	2	2	1	1	1	1	1	1	1	1	1	1	1	1	1	1	1	1	1	1	1	1
1	1	1	1	1	1	1	1	1	1	1.95	2	2	2	2	2	2	2	2	2	2	1.05	1	1	1	1	1	1	1	1	1	1	1	1	1	1	1	1	1	1	1
1	1	1	1	1	1	1	1	1	1	1.9025	1.9975	2	2	2	2	2	2	2	2	2	1.0975	1.0025	1	1	1	1	1	1	1	1	1	1	1	1	1	1	1	1	1	1
1	1	1	1	1	1	1	1	1	1	1.85737	1.99275	1.99988	2	2	2	2	2	2	2	2	1.14262	1.00725	1.00012	1	1	1	1	1	1	1	1	1	1	1	1	1	1	1	1	1
1	1	1	1	1	1	1	1	1	1	1.81451	1.98598	1.99952	1.99999	2	2	2	2	2	2	2	1.18549	1.01402	1.00048	1.00001	1	1	1	1	1	1	1	1	1	1	1	1	1	1	1	1
1	1	1	1	1	1	1	1	1	1	1.77378	1.97741	1.99884	1.99997	2	2	2	2	2	2	2	1.22622	1.02259	1.00116	1.00003	1	1	1	1	1	1	1	1	1	1	1	1	1	1	1	1
1	1	1	1	1	1	1	1	1	1	1.73509	1.96723	1.99777	1.99991	2	2	2	2	2	2	2	1.26491	1.03277	1.00223	1.00009	1	1	1	1	1	1	1	1	1	1	1	1	1	1	1	1
1	1	1	1	1	1	1	1	1	1	1.69834	1.95562	1.99624	1.99981	1.99999	2	2	2	2	2	2	1.30166	1.04438	1.00376	1.00019	1.00001	1	1	1	1	1	1	1	1	1	1	1	1	1	1	1
1	1	1	1	1	1	1	1	1	1	1.66342	1.94276	1.99421	1.99963	1.99998	2	2	2	2	2	2	1.33658	1.05724	1.00579	1.00037	1.00002	1	1	1	1	1	1	1	1	1	1	1	1	1	1	1
1	1	1	1	1	1	1	1	1	1	1.63025	1.92879	1.99164	1.99936	1.99997	2	2	2	2	2	2	1.36975	1.07121	1.00836	1.00064	1.00003	1	1	1	1	1	1	1	1	1	1	1	1	1	1	1
1	1	1	1	1	1	1	1	1	1	1.59874	1.91386	1.9885	1.99897	1.99994	2	2	2	2	2	2	1.40126	1.08614	1.0115	1.00103	1.00006	1	1	1	1	1	1	1	1	1	1	1	1	1	1	1
1	1	1	1	1	1	1	1	1	1	1.5688	1.89811	1.98476	1.99845	1.99989	1.99999	2	2	2	2	2	1.4312	1.10189	1.01524	1.00155	1.00011	1.00001	1	1	1	1	1	1	1	1	1	1	1	1	1	1
1	1	1	1	1	1	1	1	1	1	1.54036	1.88164	1.98043	1.99776	1.99982	1.99999	2	2	2	2	2	1.45964	1.11836	1.01957	1.00224	1.00018	1.00001	1	1	1	1	1	1	1	1	1	1	1	1	1	1
1	1	1	1	1	1	1	1	1	1	1.51334	1.86458	1.97549	1.9969	1.99971	1.99998	2	2	2	2	2	1.48666	1.13542	1.02451	1.0031	1.00029	1.00002	1	1	1	1	1	1	1	1	1	1	1	1	1	1
1	1	1	1	1	1	1	1	1	1	1.48767	1.84701	1.96995	1.99583	1.99957	1.99997	2	2	2	2	2	1.51233	1.15299	1.03005	1.00417	1.00043	1.00003	1	1	1	1	1	1	1	1	1	1	1	1	1	1
1	1	1	1	1	1	1	1	1	1	1.46329	1.82905	1.9638	1.99453	1.99939	1.99995	2	2	2	2	2	1.53671	1.17095	1.0362	1.00547	1.00061	1.00005	1	1	1	1	1	1	1	1	1	1	1	1	1	1
1	1	1	1	1	1	1	1	1	1	1.44013	1.81076	1.95706	1.993	1.99914	1.99992	1.99999	2	2	2	2	1.55987	1.18924	1.04294	1.007	1.00086	1.00008	1.00001	1	1	1	1	1	1	1	1	1	1	1	1	1
1	1	1	1	1	1	1	1	1	1	1.41812	1.79223	1.94975	1.9912	1.99884	1.99988	1.99999	2	2	2	2	1.58188	1.20777	1.05025	1.0088	1.00116	1.00012	1.00001	1	1	1	1	1	1	1	1	1	1	1	1	1
1	1	1	1	1	1	1	1	1	1	1.39721	1.77352	1.94187	1.98913	1.99845	1.99983	1.99998	2	2	2	2	1.60279	1.22648	1.05813	1.01087	1.00155	1.00017	1.00002	1	1	1	1	1	1	1	1	1	1	1	1	1
1	1	1	1	1	1	1	1	1	1	1.37735	1.75471	1.93345	1.98676	1.99799	1.99976	1.99998	2	2	2	2	1.62265	1.24529	1.06655	1.01324	1.00201	1.00024	1.00002	1	1	1	1	1	1	1	1	1	1	1	1	1
1	1	1	1	1	1	1	1	1	1	1.35849	1.73584	1.92452	1.9841	1.99743	1.99967	1.99997	2	2	2	2	1.64151	1.26416	1.07548	1.0159	1.00257	1.00033	1.00003	1	1	1	1	1	1	1	1	1	1	1	1	1
1	1	1	1	1	1	1	1	1	1	1.34056	1.71697	1.91508	1.98112	1.99676	1.99956	1.99995	2	2	2	2	1.65944	1.28303	1.08492	1.01888	1.00324	1.00044	1.00005	1	1	1	1	1	1	1	1	1	1	1	1	1
1	1	1	1	1	1	1	1	1	1	1.32353	1.69815	1.90518	1.97782	1.99598	1.99942	1.99993	1.99999	2	2	2	1.67647	1.30185	1.09482	1.02218	1.00402	1.00058	1.00007	1.00001	1	1	1	1	1	1	1	1	1	1	1	1
1	1	1	1	1	1	1	1	1	1	1.30736	1.67942	1.89483	1.97419	1.99507	1.99925	1.99991	1.99999	2	2	2	1.69264	1.32058	1.10517	1.02581	1.00493	1.00075	1.00009	1.00001	1	1	1	1	1	1	1	1	1	1	1	1
1	1	1	1	1	1	1	1	1	1	1.29199	1.66082	1.88406	1.97022	1.99403	1.99904	1.99987	1.99999	2	2	2	1.70801	1.33918	1.11594	1.02978	1.00597	1.00096	1.00013	1.00001	1	1	1	1	1	1	1	1	1	1	1	1
1	1	1	1	1	1	1	1	1	1	1.27739	1.64238	1.87289	1.96591	1.99284	1.99879	1.99983	1.99998	2	2	2	1.72261	1.35762	1.12711	1.03409	1.00716	1.00121	1.00017	1.00002	1	1	1	1	1	1	1	1	1	1	1	1
1	1	1	1	1	1	1	1	1	1	1.26352	1.62413	1.86137	1.96126	1.99149	1.99849	1.99978	1.99997	2	2	2	1.73648	1.37587	1.13863	1.03874	1.00851	1.00151	1.00022	1.00003	1	1	1	1	1	1	1	1	1	1	1	1
1	1	1	1	1	1	1	1	1	1	1.25034	1.6061	1.84951	1.95626	1.98998	1.99814	1.99971	1.99996	2	2	2	1.74966	1.3939	1.15049	1.04374	1.01002	1.00186	1.00029	1.00004	1	1	1	1	1	1	1	1	1	1	1	1
1	1	1	1	1	1	1	1	1	1	1.23783	1.58831	1.83734	1.95093	1.98829	1.99773	1.99964	1.99995	1.99999	2	2	1.76217	1.41169	1.16266	1.04907	1.01171	1.00227	1.00036	1.00005	1.00001	1	1	1	1	1	1	1	1	1	1	1
1	1	1	1	1	1	1	1	1	1	1.22594	1.57078	1.82488	1.94525	1.98642	1.99726	1.99954	1.99994	1.99999	2	2	1.77406	1.42922	1.17512	1.05475	1.01358	1.00274	1.00046	1.00006	1.00001	1	1	1	1	1	1	1	1	1	1	1
1	1	1	1	1	1	1	1	1	1	1.21464	1.55354	1.81218	1.93923	1.98436	1.99672	1.99943	1.99992	1.99999	2	2	1.78536	1.44646	1.18782	1.06077	1.01564	1.00328	1.00057	1.00008	1.00001	1	1	1	1	1	1	1	1	1	1	1
1	1	1	1	1	1	1	1	1	1	1.20391	1.5366	1.79925	1.93288	1.98211	1.9961	1.99929	1.99989	1.99999	2	2	1.79609	1.4634	1.20075	1.06712	1.01789	1.0039	1.00071	1.00011	1.00001	1	1	1	1	1	1	1	1	1	1	1
1	1	1	1	1	1	1	1	1	1	1.19371	1.51996	1.78611	1.92619	1.97965	1.9954	1.99913	1.99986	1.99998	2	2	1.80629	1.48004	1.21389	1.07381	1.02035	1.0046	1.00087	1.00014	1.00002	1	1	1	1	1	1	1	1	1	1	1
1	1	1	1	1	1	1	1	1	1	1.18403	1.50365	1.77281	1.91919	1.97697	1.99461	1.99894	1.99982	1.99997	2	2	1.81597	1.49635	1.22719	1.08081	1.02303	1.00539	1.00106	1.00018	1.00003	1	1	1	1	1	1	1	1	1	1	1
1	1	1	1	1	1	1	1	1	1	1.17482	1.48767	1.75935	1.91187	1.97408	1.99373	1.99873	1.99978	1.99997	2	2	1.82518	1.51233	1.24065	1.08813	1.02592	1.00627	1.00127	1.00022	1.00003	1	1	1	1	1	1	1	1	1	1	1
1	1	1	1	1	1	1	1	1	1	1.16608	1.47203	1.74577	1.90425	1.97097	1.99275	1.99848	1.99973	1.99996	1.99999	2	1.83392	1.52797	1.25423	1.09575	1.02903	1.00725	1.00152	1.00027	1.00004	1.00001	1	1	1	1	1	1	1	1	1	1
1	1	1	1	1	1	1	1	1	1	1.15778	1.45673	1.73208	1.89632	1.96764	1.99166	1.99819	1.99967	1.99995	1.99999	2	1.84222	1.54327	1.26792	1.10368	1.03236	1.00834	1.00181	1.00033	1.00005	1.00001	1	1	1	1	1	1	1	1	1	1
1	1	1	1	1	1	1	1	1	1	1.14989	1.44178	1.71831	1.88811	1.96407	1.99046	1.99787	1.99959	1.99993	1.99999	2	1.85011	1.55822	1.28169	1.11189	1.03593	1.00954	1.00213	1.00041	1.00007	1.00001	1	1	1	1	1	1	1	1	1	1
1	1	1	1	1	1	1	1	1	1	1.1424	1.42719	1.70448	1.87962	1.96027	1.98914	1.99749	1.99951	1.99992	1.99999	2	1.8576	1.57281	1.29552	1.12038	1.03973	1.01086	1.00251	1.00049	1.00008	1.00001	1	1	1	1	1	1	1	1	1	1
1	1	1	1	1	1	1	1	1	1	1.13528	1.41295	1.69062	1.87086	1.95624	1.9877	1.99708	1.9994	1.99989	1.99998	2	1.86472	1.58705	1.30938	1.12914	1.04376	1.0123	1.00292	1.0006	1.00011	1.00002	1	1	1	1	1	1	1	1	1	1
1	1	1	1	1	1	1	1	1	1	1.12851	1.39906	1.67674	1.86185	1.95197	1.98612	1.99661	1.99929	1.99987	1.99998	2	1.87149	1.60094	1.32326	1.13815	1.04803	1.01388	1.00339	1.00071	1.00013	1.00002	1	1	1	1	1	1	1	1	1	1
1	1	1	1	1	1	1	1	1	1	1.12209	1.38554	1.66285	1.85259	1.94747	1.98442	1.99608	1.99915	1.99984	1.99997	2	1.87791	1.61446	1.33715	1.14741	1.05253	1.01558	1.00392	1.00085	1.00016	1.00003	1	1	1	1	1	1	1	1	1	1
1	1	1	1	1	1	1	1	1	1	1.11598	1.37236	1.64899	1.84311	1.94272	1.98257	1.9955	1.999	1.99981	1.99997	2	1.88402	1.62764	1.35101	1.15689	1.05728	1.01743	1.0045	1.001	1.00019	1.00003	1	1	1	1	1	1	1	1	1	1
1	1	1	1	1	1	1	1	1	1	1.11018	1.35954	1.63516	1.8334	1.93774	1.98058	1.99485	1.99883	1.99977	1.99996	1.99999	1.88982	1.64046	1.36484	1.1666	1.06226	1.01942	1.00515	1.00117	1.00023	1.00004	1.00001	1	1	1	1	1	1	1	1	1
1	1	1	1	1	1	1	1	1	1	1.10467	1.34708	1.62137	1.82349	1.93252	1.97843	1.99414	1.99863	1.99972	1.99995	1.99999	1.89532	1.65292	1.37863	1.17651	1.06748	1.02157	1.00586	1.00137	1.00028	1.00005	1.00001	1	1	1	1	1	1	1	1	1
1	1	1	1	1	1	1	1	1	1	1.09944	1.33496	1.60766	1.81338	1.92707	1.97614	1.99335	1.9984	1.99967	1.99994	1.99999	1.90056	1.66504	1.39234	1.18662	1.07293	1.02386	1.00665	1.0016	1.00033	1.00006	1.00001	1	1	1	1	1	1	1	1	1
1	1	1	1	1	1	1	1	1	1	1.09447	1.32318	1.59402	1.8031	1.92139	1.97369	1.99249	1.99815	1.9996	1.99992	1.99999	1.90553	1.67682	1.40598	1.1969	1.07861	1.02631	1.00751	1.00185	1.0004	1.00008	1.00001	1	1	1	1	1	1	1	1	1
1	1	1	1	1	1	1	1	1	1	1.08974	1.31175	1.58048	1.79264	1.91547	1.97107	1.99155	1.99787	1.99953	1.99991	1.99998	1.91025	1.68825	1.41952	1.20736	1.08453	1.02893	1.00845	1.00213	1.00047	1.00009	1.00002	1	1	1	1	1	1	1	1	1
1	1	1	1	1	1	1	1	1	1	1.08526	1.30065	1.56705	1.78204	1.90933	1.96829	1.99053	1.99755	1.99945	1.99989	1.99998	1.91474	1.69935	1.43295	1.21796	1.09067	1.03171	1.00947	1.00245	1.00055	1.00011	1.00002	1	1	1	1	1	1	1	1	1
1	1	1	1	1	1	1	1	1	1	1.08099	1.28988	1.55373	1.77129	1.90297	1.96534	1.98942	1.9972	1.99935	1.99987	1.99998	1.919	1.71012	1.44627	1.22871	1.09703	1.03466	1.01058	1.0028	1.00065	1.00013	1.00002	1	1	1	1	1	1	1	1	1
1	1	1	1	1	1	1	1	1	1	1.07694	1.27943	1.54053	1.76041	1.89638	1.96222	1.98821	1.99681	1.99924	1.99984	1.99997	1.92305	1.72057	1.45947	1.23959	1.10362	1.03778	1.01179	1.00319	1.00076	1.00016	1.00003	1	1	1	1	1	1	1	1	1
1	1	1	1	1	1	1	1	1	1	1.0731	1.26931	1.52748	1.74941	1.88958	1.95893	1.98691	1.99638	1.99912	1.99981	1.99996	1.9269	1.73069	1.47252	1.25059	1.11042	1.04107	1.01309	1.00362	1.00088	1.00019	1.00004	1.00001	1	1	1	1	1	1	1	1
1	1	1	1	1	1	1	1	1	1	1.06944	1.2595	1.51457	1.73832	1.88258	1.95546	1.98551	1.99591	1.99899	1.99978	1.99996	1.93055	1.7405	1.48543	1.26168	1.11742	1.04454	1.01449	1.00409	1.00101	1.00022	1.00004	1.00001	1	1	1	1	1	1	1	1
1	1	1	1	1	1	1	1	1	1	1.06597	1.24999	1.50182	1.72713	1.87536	1.95182	1.98401	1.99539	1.99883	1.99974	1.99995	1.93402	1.75	1.49818	1.27287	1.12464	1.04818	1.01599	1.00461	1.00117	1.00026	1.00005	1.00001	1	1	1	1	1	1	1	1
1	1	1	1	1	1	1	1	1	1	1.06267	1.24079	1.48922	1.71586	1.86795	1.948	1.9824	1.99482	1.99866	1.99969	1.99994	1.93732	1.75921	1.51077	1.28414	1.13205	1.052	1.0176	1.00518	1.00134	1.00031	1.00006	1.00001	1	1	1	1	1	1	1	1
1	1	1	1	1	1	1	1	1	1	1.05954	1.23189	1.4768	1.70453	1.86035	1.94399	1.98068	1.9942	1.99847	1.99964	1.99992	1.94045	1.76811	1.5232	1.29547	1.13965	1.05601	1.01932	1.0058	1.00153	1.00036	1.00008	1.00001	1	1	1	1	1	1	1	1
1	1	1	1	1	1	1	1	1	1	1.05656	1.22327	1.46456	1.69315	1.85256	1.93981	1.97885	1.99352	1.99825	1.99958	1.99991	1.94342	1.77673	1.53544	1.30685	1.14744	1.06019	1.02115	1.00648	1.00175	1.00042	1.00009	1.00002	1	1	1	1	1	1	1	1
1	1	1	1	1	1	1	1	1	1	1.05373	1.21493	1.45249	1.68172	1.84459	1.93545	1.9769	1.99279	1.99802	1.99952	1.99989	1.94625	1.78506	1.54751	1.31828	1.15541	1.06455	1.0231	1.00721	1.00198	1.00048	1.00011	1.00002	1	1	1	1	1	1	1	1
1	1	1	1	1	1	1	1	1	1	1.05105	1.20687	1.44062	1.67026	1.83644	1.93091	1.97482	1.99199	1.99776	1.99944	1.99988	1.94893	1.79312	1.55938	1.32974	1.16356	1.06909	1.02518	1.00801	1.00224	1.00056	1.00012	1.00003	1	1	1	1	1	1	1	1
1	1	1	1	1	1	1	1	1	1	1.04849	1.19908	1.42893	1.65877	1.82813	1.92618	1.97263	1.99114	1.99747	1.99936	1.99985	1.95148	1.80091	1.57107	1.34123	1.17187	1.07382	1.02737	1.00886	1.00253	1.00064	1.00015	1.00003	1.00001	1	1	1	1	1	1	1
1	1	1	1	1	1	1	1	1	1	1.04607	1.19155	1.41744	1.64728	1.81966	1.92128	1.97031	1.99021	1.99715	1.99926	1.99983	1.95389	1.80844	1.58256	1.35272	1.18034	1.07872	1.02969	1.00979	1.00285	1.00074	1.00017	1.00004	1.00001	1	1	1	1	1	1	1
1	1	1	1	1	1	1	1	1	1	1.04377	1.18428	1.40614	1.63579	1.81105	1.9162	1.96785	1.98922	1.9968	1.99916	1.9998	1.95619	1.81571	1.59386	1.36421	1.18895	1.0838	1.03215	1.01078	1.0032	1.00084	1.0002	1.00004	1.00001	1	1	1	1	1	1	1
1	1	1	1	1	1	1	1	1	1	1.04158	1.17725	1.39505	1.62431	1.80228	1.91094	1.96527	1.98815	1.99642	1.99904	1.99977	1.95837	1.82274	1.60495	1.37569	1.19772	1.08906	1.03473	1.01185	1.00358	1.00096	1.00023	1.00005	1.00001	1	1	1	1	1	1	1
1	1	1	1	1	1	1	1	1	1	1.0395	1.17047	1.38416	1.61284	1.79338	1.90551	1.96256	1.987	1.99601	1.99891	1.99973	1.96044	1.82952	1.61584	1.38716	1.20662	1.09449	1.03744	1.013	1.00399	1.00109	1.00027	1.00006	1.00001	1	1	1	1	1	1	1
1	1	1	1	1	1	1	1	1	1	1.03752	1.16392	1.37347	1.60141	1.78436	1.8999	1.9597	1.98578	1.99556	1.99876	1.99969	1.96241	1.83606	1.62652	1.39859	1.21564	1.1001	1.0403	1.01422	1.00444	1.00124	1.00031	1.00007	1.00001	1	1	1	1	1	1	1
1	1	1	1	1	1	1	1	1	1	1.03565	1.1576	1.363	1.59001	1.77521	1.89413	1.95671	1.98448	1.99507	1.9986	1.99964	1.96427	1.84238	1.637	1.40999	1.22479	1.10587	1.04329	1.01552	1.00493	1.0014	1.00036	1.00008	1.00002	1	1	1	1	1	1	1
1	1	1	1	1	1	1	1	1	1	1.03387	1.1515	1.35273	1.57866	1.76595	1.88818	1.95358	1.98309	1.99454	1.99843	1.99959	1.96604	1.84848	1.64727	1.42134	1.23405	1.11182	1.04642	1.01691	1.00546	1.00157	1.00041	1.0001	1.00002	1	1	1	1	1	1	1
1	1	1	1	1	1	1	1	1	1	1.03217	1.14562	1.34267	1.56736	1.75659	1.88207	1.95031	1.98161	1.99397	1.99823	1.99953	1.96772	1.85435	1.65733	1.43263	1.24341	1.11793	1.04969	1.01839	1.00603	1.00177	1.00047	1.00011	1.00002	1	1	1	1	1	1	1
1	1	1	1	1	1	1	1	1	1	1.03056	1.13995	1.33281	1.55613	1.74712	1.87579	1.9469	1.98005	1.99335	1.99802	1.99947	1.96931	1.86002	1.66718	1.44387	1.25288	1.12421	1.0531	1.01995	1.00665	1.00198	1.00053	1.00013	1.00003	1.00001	1	1	1	1	1	1
1	1	1	1	1	1	1	1	1	1	1.02904	1.13448	1.32317	1.54496	1.73757	1.86936	1.94335	1.97839	1.99269	1.99779	1.9994	1.97082	1.86549	1.67682	1.45503	1.26243	1.13064	1.05665	1.02161	1.00731	1.00221	1.0006	1.00015	1.00003	1.00001	1	1	1	1	1	1
1	1	1	1	1	1	1	1	1	1	1.02758	1.12921	1.31374	1.53387	1.72794	1.86277	1.93965	1.97664	1.99197	1.99753	1.99932	1.97224	1.87075	1.68626	1.46612	1.27206	1.13723	1.06035	1.02336	1.00803	1.00247	1.00068	1.00017	1.00004	1.00001	1	1	1	1	1	1
1	1	1	1	1	1	1	1	1	1	1.0262	1.12413	1.30451	1.52287	1.71824	1.85603	1.9358	1.97479	1.99121	1.99725	1.99923	1.9736	1.87583	1.69548	1.47713	1.28176	1.14397	1.0642	1.02521	1.00879	1.00275	1.00077	1.0002	1.00005	1.00001	1	1	1	1	1	1
1	1	1	1	1	1	1	1	1	1	1.02489	1.11923	1.29549	1.51195	1.70847	1.84914	1.93181	1.97284	1.99038	1.99695	1.99913	1.97488	1.88072	1.7045	1.48805	1.29153	1.15086	1.06819	1.02716	1.00962	1.00305	1.00087	1.00023	1.00005	1.00001	1	1	1	1	1	1
1	1	1	1	1	1	1	1	1	1	1.02365	1.11451	1.28668	1.50113	1.69865	1.84211	1.92768	1.97079	1.98951	1.99662	1.99902	1.97609	1.88542	1.71331	1.49887	1.30135	1.15789	1.07232	1.02921	1.01049	1.00338	1.00098	1.00026	1.00006	1.00001	1	1	1	1	1	1
1	1	1	1	1	1	1	1	1	1	1.02247	1.10997	1.27807	1.4904	1.68877	1.83493	1.9234	1.96863	1.98857	1.99627	1.9989	1.97724	1.88996	1.72191	1.50959	1.31123	1.16507	1.0766	1.03137	1.01143	1.00373	1.0011	1.00029	1.00007	1.00002	1	1	1	1	1	1
1	1	1	1	1	1	1	1	1	1	1.02134	1.1056	1.26966	1.47979	1.67885	1.82763	1.91898	1.96637	1.98757	1.99588	1.99877	1.97832	1.89432	1.73032	1.52021	1.32115	1.17237	1.08102	1.03363	1.01243	1.00412	1.00123	1.00034	1.00008	1.00002	1	1	1	1	1	1
1	1	1	1	1	1	1	1	1	1	1.02028	1.10138	1.26146	1.46928	1.6689	1.82019	1.91441	1.964	1.98651	1.99547	1.99862	1.97934	1.89852	1.73852	1.53071	1.3311	1.17981	1.08559	1.036	1.01349	1.00453	1.00138	1.00038	1.0001	1.00002	1	1	1	1	1	1
1	1	1	1	1	1	1	1	1	1	1.01926	1.09733	1.25346	1.45889	1.65892	1.81262	1.9097	1.96152	1.98539	1.99502	1.99847	1.98031	1.90256	1.74652	1.5411	1.34108	1.18738	1.0903	1.03848	1.01461	1.00498	1.00153	1.00043	1.00011	1.00003	1.00001	1	1	1	1	1
1	1	1	1	1	1	1	1	1	1	1.0183	1.09342	1.24565	1.44862	1.64892	1.80494	1.90485	1.95893	1.9842	1.99454	1.99829	1.98122	1.90645	1.75432	1.55137	1.35108	1.19506	1.09515	1.04107	1.0158	1.00546	1.00171	1.00049	1.00013	1.00003	1.00001	1	1	1	1	1
1	1	1	1	1	1	1	1	1	1	1.01738	1.08967	1.23804	1.43847	1.6389	1.79714	1.89985	1.95623	1.98293	1.99402	1.99811	1.98207	1.91019	1.76193	1.56152	1.3611	1.20286	1.10015	1.04377	1.01707	1.00598	1.00189	1.00055	1.00014	1.00003	1.00001	1	1	1	1	1
1	1	1	1	1	1	1	1	1	1	1.01652	1.08605	1.23062	1.42845	1.62888	1.78922	1.89471	1.95341	1.9816	1.99347	1.9979	1.98287	1.91378	1.76934	1.57154	1.37112	1.21077	1.10529	1.04659	1.0184	1.00653	1.0021	1.00061	1.00016	1.00004	1.00001	1	1	1	1	1
1	1	1	1	1	1	1	1	1	1	1.01569	1.08258	1.22339	1.41856	1.61886	1.78121	1.88944	1.95047	1.98019	1.99287	1.99768	1.98362	1.91724	1.77656	1.58143	1.38114	1.21879	1.11056	1.04953	1.01981	1.00713	1.00232	1.00069	1.00019	1.00005	1.00001	1	1	1	1	1
1	1	1	1	1	1	1	1	1	1	1.01491	1.07923	1.21635	1.4088	1.60884	1.77309	1.88403	1.94742	1.9787	1.99224	1.99744	1.98433	1.92056	1.7836	1.59119	1.39115	1.22691	1.11597	1.05258	1.0213	1.00776	1.00256	1.00077	1.00021	1.00005	1.00001	1	1	1	1	1
1	1	1	1	1	1	1	1	1	1	1.01416	1.07602	1.2095	1.39918	1.59884	1.76488	1.87848	1.94425	1.97714	1.99156	1.99718	1.98498	1.92374	1.79044	1.60081	1.40116	1.23512	1.12152	1.05575	1.02286	1.00844	1.00282	1.00086	1.00024	1.00006	1.00001	1	1	1	1	1
1	1	1	1	1	1	1	1	1	1	1.01345	1.07292	1.20282	1.38969	1.58886	1.75658	1.8728	1.94096	1.97549	1.99084	1.9969	1.98559	1.92681	1.79711	1.61029	1.41114	1.24342	1.1272	1.05904	1.02451	1.00916	1.0031	1.00096	1.00027	1.00007	1.00002	1	1	1	1	1
1	1	1	1	1	1	1	1	1	1	1.01278	1.06995	1.19633	1.38035	1.5789	1.74819	1.86699	1.93756	1.97377	1.99007	1.99659	1.98616	1.92975	1.80359	1.61963	1.4211	1.25181	1.13301	1.06244	1.02623	1.00993	1.00341	1.00106	1.0003	1.00008	1.00002	1	1	1	1	1
1	1	1	1	1	1	1	1	1	1	1.01214	1.06709	1.19001	1.37115	1.56897	1.73973	1.86105	1.93403	1.97196	1.98926	1.99627	1.98668	1.93257	1.8099	1.62883	1.43102	1.26027	1.13895	1.06597	1.02804	1.01074	1.00373	1.00118	1.00034	1.00009	1.00002	1.00001	1	1	1	1
1	1	1	1	1	1	1	1	1	1	1.01153	1.06434	1.18386	1.36209	1.55908	1.73119	1.85498	1.93038	1.97006	1.98839	1.99592	1.98716	1.93527	1.81603	1.63788	1.44091	1.26881	1.14502	1.06962	1.02994	1.01161	1.00408	1.00131	1.00038	1.0001	1.00003	1.00001	1	1	1	1
1	1	1	1	1	1	1	1	1	1	1.01096	1.0617	1.17789	1.35318	1.54923	1.72258	1.84879	1.92661	1.96808	1.98748	1.99554	1.9876	1.93787	1.822	1.64679	1.45076	1.27742	1.15121	1.07339	1.03192	1.01252	1.00446	1.00145	1.00043	1.00012	1.00003	1.00001	1	1	1	1
1	1	1	1	1	1	1	1	1	1	1.01041	1.05917	1.17208	1.34441	1.53943	1.71391	1.84248	1.92272	1.966	1.98651	1.99514	1.98799	1.94035	1.82779	1.65555	1.46056	1.28608	1.15752	1.07728	1.034	1.01349	1.00486	1.0016	1.00048	1.00013	1.00003	1.00001	1	1	1	1
1	1	1	1	1	1	1	1	1	1	1.00989	1.05673	1.16643	1.3358	1.52968	1.70519	1.83606	1.91871	1.96384	1.98548	1.99471	1.98835	1.94273	1.83342	1.66416	1.47031	1.29481	1.16394	1.08129	1.03616	1.01452	1.00529	1.00176	1.00054	1.00015	1.00004	1.00001	1	1	1	1
1	1	1	1	1	1	1	1	1	1	1.00939	1.05439	1.16095	1.32733	1.51998	1.69641	1.82951	1.91457	1.96158	1.9844	1.99425	1.98867	1.94502	1.83888	1.67263	1.48001	1.30358	1.17049	1.08543	1.03842	1.0156	1.00575	1.00194	1.0006	1.00017	1.00004	1.00001	1	1	1	1
1	1	1	1	1	1	1	1	1	1	1.00892	1.05214	1.15562	1.31901	1.51035	1.68759	1.82286	1.91032	1.95923	1.98326	1.99375	1.98895	1.9472	1.84419	1.68094	1.48964	1.3124	1.17714	1.08968	1.04077	1.01674	1.00625	1.00213	1.00067	1.00019	1.00005	1.00001	1	1	1	1
1	1	1	1	1	1	1	1	1	1	1.00848	1.04998	1.15044	1.31084	1.50078	1.67873	1.81609	1.90595	1.95679	1.98206	1.99323	1.98919	1.94929	1.84934	1.6891	1.4992	1.32127	1.18391	1.09405	1.04321	1.01794	1.00677	1.00233	1.00074	1.00022	1.00006	1.00001	1	1	1	1
1	1	1	1	1	1	1	1	1	1	1.00805	1.0479	1.14542	1.30282	1.49129	1.66983	1.80923	1.90145	1.95424	1.98079	1.99267	1.98939	1.95128	1.85434	1.69711	1.5087	1.33016	1.19077	1.09854	1.04576	1.01921	1.00733	1.00256	1.00082	1.00024	1.00007	1.00002	1	1	1	1
1	1	1	1	1	1	1	1	1	1	1.00765	1.04591	1.14054	1.29495	1.48186	1.66091	1.80226	1.89684	1.9516	1.97947	1.99208	1.98955	1.95319	1.85918	1.70497	1.51812	1.33909	1.19774	1.10316	1.0484	1.02053	1.00792	1.0028	1.00091	1.00027	1.00007	1.00002	1	1	1	1
1	1	1	1	1	1	1	1	1	1	1.00727	1.044	1.13581	1.28723	1.47252	1.65195	1.79519	1.89211	1.94887	1.97807	1.99145	1.98968	1.955	1.86388	1.71268	1.52746	1.34804	1.20481	1.10789	1.05113	1.02193	1.00855	1.00305	1.001	1.0003	1.00008	1.00002	1.00001	1	1	1
1	1	1	1	1	1	1	1	1	1	1.00691	1.04216	1.13122	1.27966	1.46325	1.64298	1.78803	1.88727	1.94603	1.97661	1.99078	1.98977	1.95674	1.86844	1.72024	1.53672	1.35701	1.21197	1.11273	1.05397	1.02339	1.00922	1.00333	1.0011	1.00034	1.0001	1.00003	1.00001	1	1	1
1	1	1	1	1	1	1	1	1	1	1.00656	1.0404	1.12677	1.27224	1.45407	1.634	1.78077	1.88231	1.94309	1.97508	1.99007	1.98982	1.95839	1.87286	1.72765	1.5459	1.366	1.21922	1.11769	1.05691	1.02492	1.00993	1.00362	1.00121	1.00038	1.00011	1.00003	1.00001	1	1	1
1	1	1	1	1	1	1	1	1	1	1.00623	1.0387	1.12245	1.26496	1.44498	1.625	1.77344	1.87723	1.94005	1.97348	1.98932	1.98983	1.95996	1.87713	1.73491	1.55499	1.37499	1.22656	1.12277	1.05995	1.02652	1.01068	1.00394	1.00133	1.00042	1.00012	1.00003	1.00001	1	1	1
1	1	1	1	1	1	1	1	1	1	1.00592	1.03708	1.11826	1.25784	1.43598	1.616	1.76601	1.87204	1.93691	1.97181	1.98853	1.98981	1.96145	1.88127	1.74203	1.56398	1.38399	1.23398	1.12796	1.06309	1.02819	1.01147	1.00427	1.00146	1.00046	1.00014	1.00004	1.00001	1	1	1
1	1	1	1	1	1	1	1	1	1	1.00562	1.03552	1.1142	1.25086	1.42707	1.607	1.75851	1.86674	1.93367	1.97007	1.98769	1.98974	1.96287	1.88528	1.74899	1.57288	1.39299	1.24148	1.13326	1.06633	1.02993	1.01231	1.00463	1.0016	1.00051	1.00015	1.00004	1.00001	1	1	1
1	1	1	1	1	1	1	1	1	1	1.00534	1.03403	1.11027	1.24403	1.41826	1.598	1.75094	1.86133	1.93032	1.96825	1.98681	1.98964	1.96422	1.88916	1.7558	1.58169	1.40199	1.24906	1.13867	1.06968	1.03175	1.01319	1.00502	1.00176	1.00057	1.00017	1.00005	1.00001	1	1	1
1	1	1	1	1	1	1	1	1	1	1.00508	1.03259	1.10646	1.23734	1.40955	1.58902	1.74329	1.85581	1.92687	1.96635	1.98588	1.9895	1.96549	1.89291	1.76247	1.59039	1.41097	1.25671	1.14419	1.07313	1.03365	1.01412	1.00543	1.00192	1.00063	1.00019	1.00005	1.00001	1	1	1
1	1	1	1	1	1	1	1	1	1	1.00482	1.03122	1.10276	1.2308	1.40094	1.58004	1.73558	1.85018	1.92332	1.96438	1.98491	1.98932	1.96669	1.89654	1.76899	1.599	1.41994	1.26442	1.14982	1.07668	1.03562	1.01509	1.00586	1.00209	1.00069	1.00021	1.00006	1.00002	1	1	1
1	1	1	1	1	1	1	1	1	1	1.00458	1.0299	1.09919	1.22439	1.39243	1.57109	1.7278	1.84445	1.91966	1.96232	1.98388	1.9891	1.96782	1.90005	1.77537	1.6075	1.42889	1.2722	1.15555	1.08034	1.03768	1.01612	1.00632	1.00228	1.00076	1.00024	1.00007	1.00002	1	1	1
1	1	1	1	1	1	1	1	1	1	1.00435	1.02863	1.09572	1.21813	1.38403	1.56215	1.71996	1.83862	1.9159	1.96019	1.9828	1.98884	1.96888	1.90344	1.7816	1.61589	1.43782	1.28003	1.16138	1.0841	1.03981	1.0172	1.00681	1.00249	1.00084	1.00026	1.00008	1.00002	1.00001	1	1
1	1	1	1	1	1	1	1	1	1	1.00413	1.02742	1.09237	1.21201	1.37574	1.55325	1.71207	1.83269	1.91204	1.95798	1.98167	1.98853	1.96988	1.90671	1.7877	1.62418	1.44673	1.28792	1.16731	1.08796	1.04202	1.01833	1.00733	1.0027	1.00092	1.00029	1.00009	1.00002	1.00001	1	1
1	1	1	1	1	1	1	1	1	1	1.00393	1.02625	1.08912	1.20603	1.36755	1.54437	1.70413	1.82666	1.90807	1.95568	1.98049	1.98819	1.97081	1.90987	1.79365	1.63235	1.4556	1.29586	1.17334	1.09193	1.04432	1.01951	1.00788	1.00293	1.00101	1.00032	1.0001	1.00003	1.00001	1	1
1	1	1	1	1	1	1	1	1	1	1.00373	1.02514	1.08598	1.20019	1.35947	1.53553	1.69614	1.82053	1.904	1.9533	1.97925	1.98781	1.97168	1.91292	1.79946	1.64042	1.46444	1.30385	1.17947	1.096	1.0467	1.02075	1.00846	1.00318	1.00111	1.00036	1.00011	1.00003	1.00001	1	1
1	1	1	1	1	1	1	1	1	1	1.00354	1.02407	1.08294	1.19447	1.35151	1.52673	1.68811	1.81431	1.89982	1.95083	1.97795	1.98738	1.97249	1.91586	1.80513	1.64837	1.47324	1.31188	1.18569	1.10017	1.04917	1.02205	1.00908	1.00344	1.00121	1.00039	1.00012	1.00003	1.00001	1	1
1	1	1	1	1	1	1	1	1	1	1.00337	1.02304	1.07999	1.1889	1.34366	1.51797	1.68004	1.808	1.89555	1.94828	1.97659	1.98691	1.97323	1.91869	1.81067	1.65621	1.48199	1.31994	1.192	1.10445	1.05172	1.02341	1.00973	1.00373	1.00132	1.00044	1.00013	1.00004	1.00001	1	1
1	1	1	1	1	1	1	1	1	1	1.0032	1.02206	1.07714	1.18345	1.33592	1.50925	1.67194	1.8016	1.89117	1.94565	1.97518	1.98639	1.97392	1.92141	1.81607	1.66393	1.4907	1.32805	1.19839	1.10883	1.05435	1.02482	1.01041	1.00403	1.00144	1.00048	1.00015	1.00004	1.00001	1	1
1	1	1	1	1	1	1	1	1	1	1.00304	1.02111	1.07439	1.17814	1.3283	1.50059	1.66381	1.79512	1.88669	1.94292	1.9737	1.98583	1.97454	1.92404	1.82134	1.67154	1.49937	1.33618	1.20488	1.11331	1.05708	1.0263	1.01113	1.00435	1.00157	1.00053	1.00017	1.00005	1.00001	1	1
1	1	1	1	1	1	1	1	1	1	1.00289	1.02021	1.07173	1.17295	1.32079	1.49197	1.65565	1.78855	1.88211	1.94011	1.97216	1.98522	1.9751	1.92656	1.82647	1.67903	1.50797	1.34434	1.21144	1.11788	1.05989	1.02784	1.01189	1.00468	1.00171	1.00058	1.00018	1.00005	1.00002	1	1
1	1	1	1	1	1	1	1	1	1	1.00274	1.01934	1.06915	1.16789	1.3134	1.48341	1.64746	1.78191	1.87744	1.93721	1.97056	1.98457	1.97561	1.92899	1.83148	1.6864	1.51653	1.35252	1.21809	1.12256	1.06279	1.02944	1.01269	1.00504	1.00186	1.00064	1.0002	1.00006	1.00002	1	1
1	1	1	1	1	1	1	1	1	1	1.00261	1.01851	1.06666	1.16295	1.30612	1.47491	1.63926	1.77519	1.87266	1.93422	1.96889	1.98387	1.97606	1.93132	1.83635	1.69365	1.52502	1.36072	1.22481	1.12734	1.06578	1.03111	1.01352	1.00543	1.00202	1.0007	1.00022	1.00007	1.00002	1.00001	1
1	1	1	1	1	1	1	1	1	1	1.00248	1.01772	1.06425	1.15814	1.29896	1.46647	1.63104	1.76839	1.86779	1.93114	1.96716	1.98312	1.97645	1.93356	1.8411	1.70079	1.53345	1.36894	1.2316	1.13221	1.06886	1.03284	1.0144	1.00583	1.00219	1.00076	1.00025	1.00008	1.00002	1.00001	1
1	1	1	1	1	1	1	1	1	1	1.00235	1.01696	1.06193	1.15344	1.29192	1.4581	1.62281	1.76152	1.86282	1.92798	1.96536	1.98232	1.97678	1.9357	1.84572	1.7078	1.54182	1.37716	1.23847	1.13718	1.07202	1.03464	1.01533	1.00626	1.00237	1.00083	1.00027	1.00008	1.00002	1.00001	1
1	1	1	1	1	1	1	1	1	1	1.00223	1.01623	1.05968	1.14887	1.285	1.44979	1.61458	1.75459	1.85775	1.92472	1.96349	1.98147	1.97706	1.93776	1.85022	1.7147	1.55012	1.3854	1.24541	1.14225	1.07528	1.03651	1.01629	1.00671	1.00256	1.00091	1.0003	1.00009	1.00003	1.00001	1
1	1	1	1	1	1	1	1	1	1	1.00212	1.01553	1.05751	1.14441	1.27819	1.44155	1.60634	1.74759	1.85259	1.92137	1.96155	1.98057	1.97728	1.93972	1.8546	1.72148	1.55835	1.39363	1.25241	1.1474	1.07863	1.03845	1.0173	1.00719	1.00277	1.00099	1.00033	1.0001	1.00003	1.00001	1
1	1	1	1	1	1	1	1	1	1	1.00202	1.01486	1.05541	1.14006	1.2715	1.43338	1.5981	1.74052	1.84734	1.91793	1.95954	1.97962	1.97744	1.9416	1.85885	1.72813	1.5665	1.40187	1.25947	1.15265	1.08207	1.04046	1.01836	1.0077	1.00299	1.00108	1.00037	1.00012	1.00003	1.00001	1
1	1	1	1	1	1	1	1	1	1	1.00192	1.01421	1.05338	1.13583	1.26493	1.42529	1.58986	1.7334	1.842	1.9144	1.95746	1.97862	1.97755	1.94339	1.86299	1.73467	1.57459	1.4101	1.26659	1.15799	1.0856	1.04254	1.01946	1.00823	1.00323	1.00118	1.0004	1.00013	1.00004	1.00001	1
1	1	1	1	1	1	1	1	1	1	1.00182	1.0136	1.05142	1.13171	1.25848	1.41727	1.58163	1.72623	1.83657	1.91078	1.95531	1.97756	1.97761	1.9451	1.86701	1.74108	1.58259	1.41832	1.27376	1.16342	1.08922	1.04469	1.02062	1.00879	1.00348	1.00128	1.00044	1.00014	1.00004	1.00001	1
1	1	1	1	1	1	1	1	1	1	1.00173	1.01301	1.04953	1.12769	1.25214	1.40933	1.57342	1.719	1.83105	1.90707	1.95308	1.97645	1.9776	1.94673	1.87092	1.74738	1.59051	1.42654	1.28099	1.16894	1.09293	1.04692	1.02182	1.00938	1.00374	1.00139	1.00048	1.00016	1.00005	1.00001	1
1	1	1	1	1	1	1	1	1	1	1.00164	1.01245	1.0477	1.12378	1.24591	1.40147	1.56521	1.71172	1.82545	1.90327	1.95078	1.97528	1.97755	1.94827	1.87471	1.75356	1.59836	1.43474	1.28827	1.17454	1.09673	1.04922	1.02308	1.01001	1.00403	1.00151	1.00053	1.00017	1.00005	1.00002	1
1	1	1	1	1	1	1	1	1	1	1.00156	1.01191	1.04594	1.11998	1.23981	1.39369	1.55702	1.70439	1.81977	1.89938	1.94841	1.97406	1.97743	1.94973	1.87839	1.75962	1.60612	1.44292	1.29559	1.18023	1.10062	1.05159	1.02438	1.01066	1.00433	1.00163	1.00058	1.00019	1.00006	1.00002	1
1	1	1	1	1	1	1	1	1	1	1.00148	1.01139	1.04424	1.11628	1.23382	1.386	1.54886	1.69702	1.814	1.8954	1.94595	1.97277	1.97726	1.95112	1.88195	1.76555	1.61379	1.45108	1.30296	1.186	1.1046	1.05405	1.02574	1.01135	1.00464	1.00177	1.00063	1.00021	1.00007	1.00002	1.00001
1	1	1	1	1	1	1	1	1	1	1.00141	1.01089	1.0426	1.11268	1.22794	1.37839	1.54071	1.68962	1.80815	1.89133	1.94343	1.97143	1.97704	1.95243	1.88541	1.77137	1.62138	1.45921	1.31036	1.19185	1.10867	1.05657	1.02716	1.01207	1.00498	1.00191	1.00069	1.00023	1.00007	1.00002	1.00001
1	1	1	1	1	1	1	1	1	1	1.00134	1.01042	1.04101	1.10917	1.22218	1.37087	1.5326	1.68217	1.80222	1.88717	1.94082	1.97003	1.97676	1.95366	1.88876	1.77708	1.62888	1.46732	1.31781	1.19777	1.11283	1.05918	1.02863	1.01282	1.00533	1.00207	1.00075	1.00025	1.00008	1.00002	1.00001
1	1	1	1	1	1	1	1	1	1	1.00127	1.00997	1.03948	1.10576	1.21653	1.36343	1.52451	1.67469	1.79622	1.88292	1.93814	1.96857	1.97642	1.95481	1.89201	1.78266	1.63629	1.4754	1.32528	1.20377	1.11708	1.06186	1.03016	1.01361	1.00571	1.00223	1.00081	1.00028	1.00009	1.00003	1.00001
1	1	1	1	1	1	1	1	1	1	1.00121	1.00953	1.03801	1.10245	1.21099	1.35609	1.51646	1.66718	1.79014	1.87859	1.93538	1.96705	1.97603	1.95589	1.89515	1.78813	1.64361	1.48344	1.33279	1.20985	1.12141	1.06462	1.03174	1.01444	1.0061	1.0024	1.00088	1.00031	1.0001	1.00003	1.00001
1	1	1	1	1	1	1	1	1	1	1.00115	1.00911	1.03658	1.09923	1.20556	1.34883	1.50844	1.65965	1.78399	1.87416	1.93254	1.96547	1.97558	1.9569	1.89818	1.79348	1.65083	1.49145	1.34032	1.216	1.12583	1.06746	1.03339	1.0153	1.00652	1.00259	1.00096	1.00033	1.00011	1.00003	1.00001
1	1	1	1	1	1	1	1	1	1	1.00109	1.00872	1.03521	1.0961	1.20024	1.34167	1.50046	1.65209	1.77778	1.86966	1.92962	1.96382	1.97508	1.95783	1.90112	1.79871	1.65797	1.49942	1.34788	1.22221	1.13034	1.07038	1.03509	1.01621	1.00696	1.00278	1.00104	1.00037	1.00012	1.00004	1.00001
1	1	1	1	1	1	1	1	1	1	1.00104	1.00833	1.03388	1.09305	1.19504	1.3346	1.49252	1.6445	1.77149	1.86506	1.92662	1.96211	1.97451	1.9587	1.90396	1.80383	1.665	1.50735	1.35545	1.2285	1.13493	1.07338	1.03686	1.01715	1.00742	1.00299	1.00113	1.0004	1.00013	1.00004	1.00001
1	1	1	1	1	1	1	1	1	1	1.00098	1.00797	1.03261	1.09009	1.18994	1.32762	1.48462	1.63691	1.76514	1.86038	1.92354	1.96034	1.97389	1.95949	1.90669	1.80884	1.67195	1.51523	1.36305	1.23484	1.13961	1.07646	1.03868	1.01814	1.00791	1.00321	1.00122	1.00044	1.00015	1.00005	1.00001
1	1	1	1	1	1	1	1	1	1	1.00093	1.00762	1.03138	1.08722	1.18495	1.32073	1.47677	1.62929	1.75873	1.85562	1.92039	1.9585	1.97322	1.96021	1.90933	1.81373	1.67879	1.52307	1.37066	1.24125	1.14437	1.07961	1.04057	1.01916	1.00842	1.00345	1.00132	1.00048	1.00016	1.00005	1.00002
1	1	1	1	1	1	1	1	1	1	1.00089	1.00729	1.03019	1.08443	1.18006	1.31395	1.46897	1.62167	1.75226	1.85078	1.91715	1.95659	1.97248	1.96086	1.91188	1.81851	1.68554	1.53085	1.37828	1.24772	1.14922	1.08285	1.04252	1.02023	1.00896	1.0037	1.00143	1.00052	1.00018	1.00006	1.00002
1	1	1	1	1	1	1	1	1	1	1.00084	1.00697	1.02904	1.08171	1.17528	1.30725	1.46122	1.61403	1.74573	1.84585	1.91383	1.95462	1.97168	1.96144	1.91432	1.82318	1.69219	1.53859	1.38591	1.25425	1.15414	1.08617	1.04454	1.02135	1.00952	1.00396	1.00154	1.00056	1.00019	1.00006	1.00002
1	1	1	1	1	1	1	1	1	1	1.0008	1.00666	1.02794	1.07908	1.1706	1.30065	1.45352	1.60639	1.73914	1.84085	1.91043	1.95258	1.97083	1.96195	1.91668	1.82774	1.69874	1.54627	1.39354	1.26083	1.15915	1.08957	1.04662	1.02251	1.01011	1.00424	1.00166	1.00061	1.00021	1.00007	1.00002
1	1	1	1	1	1	1	1	1	1	1.00076	1.00637	1.02687	1.07652	1.16602	1.29415	1.44588	1.59875	1.73251	1.83576	1.90695	1.95047	1.96992	1.96239	1.91894	1.83218	1.70519	1.55389	1.40118	1.26747	1.16423	1.09305	1.04877	1.02371	1.01073	1.00453	1.00179	1.00066	1.00023	1.00008	1.00002
1	1	1	1	1	1	1	1	1	1	1.00072	1.00609	1.02585	1.07404	1.16155	1.28774	1.43829	1.5911	1.72582	1.8306	1.90339	1.9483	1.96895	1.96277	1.92112	1.83652	1.71154	1.56146	1.40881	1.27415	1.16939	1.09661	1.05098	1.02497	1.01138	1.00484	1.00193	1.00072	1.00025	1.00008	1.00003
1	1	1	1	1	1	1	1	1	1	1.00069	1.00582	1.02486	1.07163	1.15717	1.28143	1.43076	1.58346	1.71908	1.82536	1.89975	1.94605	1.96791	1.96308	1.9232	1.84075	1.71779	1.56896	1.41644	1.28089	1.17463	1.10025	1.05326	1.02627	1.01206	1.00517	1.00207	1.00078	1.00028	1.00009	1.00003
1	1	1	1	1	1	1	1	1	1	1.00065	1.00556	1.02391	1.06929	1.1529	1.27522	1.4233	1.57583	1.7123	1.82004	1.89603	1.94374	1.96682	1.96332	1.92519	1.84487	1.72393	1.5764	1.42407	1.28767	1.17995	1.10397	1.05561	1.02762	1.01277	1.00551	1.00223	1.00085	1.0003	1.0001	1.00003
1	1	1	1	1	1	1	1	1	1	1.00062	1.00532	1.02299	1.06702	1.14872	1.2691	1.41589	1.5682	1.70548	1.81466	1.89223	1.94135	1.96567	1.9635	1.9271	1.84889	1.72998	1.58378	1.43169	1.29449	1.18533	1.10776	1.05803	1.02902	1.01351	1.00588	1.00239	1.00092	1.00033	1.00011	1.00004
1	1	1	1	1	1	1	1	1	1	1.00059	1.00508	1.02211	1.06482	1.14463	1.26308	1.40855	1.56059	1.69861	1.8092	1.88835	1.93889	1.96445	1.9636	1.92892	1.8528	1.73593	1.59109	1.43929	1.30135	1.19079	1.11164	1.06052	1.03047	1.01429	1.00626	1.00257	1.00099	1.00036	1.00012	1.00004
1	1	1	1	1	1	1	1	1	1	1.00056	1.00486	1.02126	1.06269	1.14064	1.25716	1.40128	1.55298	1.69171	1.80367	1.8844	1.93637	1.96317	1.96365	1.93065	1.85661	1.74177	1.59833	1.44688	1.30824	1.19632	1.1156	1.06307	1.03197	1.0151	1.00666	1.00275	1.00107	1.00039	1.00013	1.00004
1	1	1	1	1	1	1	1	1	1	1.00053	1.00464	1.02044	1.06062	1.13674	1.25134	1.39407	1.5454	1.68478	1.79807	1.88036	1.93377	1.96183	1.96362	1.9323	1.86031	1.74751	1.6055	1.45445	1.31518	1.20191	1.11964	1.0657	1.03353	1.01594	1.00708	1.00295	1.00115	1.00042	1.00015	1.00005
1	1	1	1	1	1	1	1	1	1	1.0005	1.00444	1.01965	1.05861	1.13294	1.24561	1.38694	1.53783	1.67781	1.79241	1.87625	1.9311	1.96043	1.96353	1.93387	1.86391	1.75315	1.6126	1.46201	1.32214	1.20758	1.12375	1.0684	1.03513	1.01682	1.00752	1.00315	1.00124	1.00046	1.00016	1.00005
1	1	1	1	1	1	1	1	1	1	1.00048	1.00424	1.01889	1.05666	1.12922	1.23997	1.37987	1.53029	1.67081	1.78668	1.87205	1.92836	1.95896	1.96338	1.93535	1.86741	1.75869	1.61963	1.46954	1.32913	1.2133	1.12794	1.07116	1.0368	1.01773	1.00799	1.00337	1.00134	1.0005	1.00018	1.00006
1	1	1	1	1	1	1	1	1	1	1.00046	1.00405	1.01815	1.05477	1.12559	1.23444	1.37288	1.52277	1.66378	1.78088	1.86778	1.92554	1.95743	1.96316	1.93675	1.8708	1.76413	1.62658	1.47704	1.33615	1.2191	1.13221	1.074	1.03852	1.01869	1.00848	1.0036	1.00144	1.00054	1.00019	1.00006
1	1	1	1	1	1	1	1	1	1	1.00043	1.00387	1.01745	1.05294	1.12205	1.22899	1.36595	1.51527	1.65673	1.77503	1.86344	1.92265	1.95584	1.96287	1.93807	1.8741	1.76946	1.63346	1.48452	1.3432	1.22495	1.13655	1.07691	1.04029	1.01968	1.00899	1.00385	1.00155	1.00059	1.00021	1.00007
1	1	1	1	1	1	1	1	1	1	1.00041	1.0037	1.01677	1.05116	1.1186	1.22365	1.35911	1.50781	1.64966	1.76911	1.85902	1.91969	1.95418	1.96252	1.93931	1.8773	1.77469	1.64026	1.49196	1.35026	1.23086	1.14097	1.07989	1.04212	1.02071	1.00952	1.0041	1.00166	1.00063	1.00023	1.00008
1	1	1	1	1	1	1	1	1	1	1.00039	1.00354	1.01612	1.04944	1.11522	1.21839	1.35233	1.50037	1.64257	1.76314	1.85452	1.91666	1.95245	1.9621	1.94047	1.8804	1.77982	1.64698	1.49938	1.35735	1.23683	1.14547	1.08295	1.04401	1.02178	1.01008	1.00437	1.00178	1.00069	1.00025	1.00009
1	1	1	1	1	1	1	1	1	1	1.00037	1.00338	1.01549	1.04778	1.11194	1.21324	1.34564	1.49297	1.63546	1.75711	1.84995	1.91355	1.95066	1.96162	1.94156	1.8834	1.78485	1.65362	1.50676	1.36445	1.24286	1.15004	1.08607	1.04596	1.02289	1.01067	1.00466	1.00191	1.00074	1.00027	1.00009
1	1	1	1	1	1	1	1	1	1	1.00035	1.00323	1.01488	1.04616	1.10873	1.20817	1.33902	1.4856	1.62833	1.75103	1.84531	1.91037	1.94881	1.96107	1.94256	1.88631	1.78978	1.66018	1.5141	1.37157	1.24894	1.15468	1.08927	1.04796	1.02405	1.01128	1.00496	1.00205	1.0008	1.00029	1.0001
1	1	1	1	1	1	1	1	1	1	1.00033	1.00308	1.0143	1.0446	1.1056	1.2032	1.33247	1.47827	1.6212	1.74489	1.8406	1.90712	1.94689	1.96046	1.94348	1.88912	1.79461	1.66666	1.52141	1.37869	1.25507	1.15939	1.09254	1.05003	1.02524	1.01192	1.00528	1.0022	1.00086	1.00032	1.00011
1	1	1	1	1	1	1	1	1	1	1.00032	1.00295	1.01374	1.04308	1.10255	1.19832	1.32601	1.47098	1.61405	1.73871	1.83581	1.90379	1.9449	1.95978	1.94433	1.89184	1.79933	1.67306	1.52867	1.38583	1.26125	1.16417	1.09589	1.05215	1.02648	1.01258	1.00561	1.00235	1.00093	1.00035	1.00012
1	1	1	1	1	1	1	1	1	1	1.0003	1.00282	1.0132	1.04162	1.09958	1.19353	1.31963	1.46374	1.6069	1.73248	1.83096	1.90039	1.94284	1.95904	1.94511	1.89447	1.80396	1.67937	1.53589	1.39297	1.26748	1.16903	1.0993	1.05434	1.02776	1.01328	1.00596	1.00251	1.001	1.00038	1.00013
1	1	1	1	1	1	1	1	1	1	1.00029	1.00269	1.01268	1.0402	1.09668	1.18883	1.31332	1.45653	1.59974	1.7262	1.82603	1.89692	1.94072	1.95823	1.9458	1.897	1.80848	1.6856	1.54306	1.40012	1.27375	1.17395	1.10279	1.05659	1.02909	1.014	1.00632	1.00269	1.00108	1.00041	1.00015
1	1	1	1	1	1	1	1	1	1	1.00027	1.00257	1.01218	1.03882	1.09385	1.18422	1.3071	1.44937	1.59258	1.71987	1.82104	1.89338	1.93853	1.95735	1.94642	1.89944	1.81291	1.69175	1.55019	1.40726	1.28007	1.17894	1.10634	1.0589	1.03047	1.01476	1.00671	1.00287	1.00116	1.00044	1.00016
1	1	1	1	1	1	1	1	1	1	1.00026	1.00245	1.0117	1.03749	1.0911	1.17971	1.30095	1.44226	1.58542	1.71351	1.81598	1.88976	1.93627	1.95641	1.94697	1.90179	1.81723	1.69781	1.55727	1.41441	1.28643	1.184	1.10997	1.06127	1.03189	1.01554	1.00711	1.00306	1.00124	1.00048	1.00017
1	1	1	1	1	1	1	1	1	1	1.00025	1.00235	1.01124	1.0362	1.08842	1.17528	1.29489	1.43519	1.57826	1.70711	1.81086	1.88607	1.93395	1.9554	1.94744	1.90405	1.82146	1.70378	1.5643	1.42155	1.29283	1.18912	1.11368	1.06371	1.03336	1.01636	1.00753	1.00326	1.00133	1.00051	1.00019
1	1	1	1	1	1	1	1	1	1	1.00023	1.00224	1.01079	1.03495	1.08581	1.17093	1.28891	1.42818	1.57111	1.70066	1.80567	1.88231	1.93155	1.95433	1.94784	1.90622	1.82559	1.70966	1.57127	1.42869	1.29927	1.1943	1.11745	1.0662	1.03488	1.01721	1.00797	1.00348	1.00143	1.00056	1.0002
1	1	1	1	1	1	1	1	1	1	1.00022	1.00214	1.01037	1.03374	1.08327	1.16668	1.28301	1.42121	1.56396	1.69419	1.80042	1.87848	1.92909	1.95319	1.94816	1.9083	1.82962	1.71546	1.57819	1.43582	1.30574	1.19955	1.12129	1.06877	1.03644	1.01809	1.00843	1.0037	1.00153	1.0006	1.00022
1	1	1	1	1	1	1	1	1	1	1.00021	1.00204	1.00995	1.03257	1.08079	1.16251	1.27719	1.4143	1.55682	1.68767	1.79511	1.87458	1.92656	1.95199	1.94842	1.91029	1.83356	1.72117	1.58505	1.44294	1.31224	1.20486	1.1252	1.07139	1.03806	1.01901	1.00892	1.00394	1.00164	1.00065	1.00024
1	1	1	1	1	1	1	1	1	1	1.0002	1.00195	1.00956	1.03144	1.07838	1.15842	1.27146	1.40745	1.5497	1.68113	1.78974	1.8706	1.92396	1.95072	1.94859	1.9122	1.83739	1.72679	1.59186	1.45004	1.31878	1.21023	1.12919	1.07408	1.03972	1.01996	1.00942	1.00419	1.00175	1.0007	1.00026
1	1	1	1	1	1	1	1	1	1	1.00019	1.00186	1.00918	1.03035	1.07603	1.15442	1.26581	1.40065	1.54258	1.67456	1.78431	1.86656	1.92129	1.94938	1.9487	1.91402	1.84113	1.73232	1.5986	1.45713	1.32534	1.21566	1.13324	1.07684	1.04144	1.02095	1.00995	1.00445	1.00188	1.00075	1.00028
1	1	1	1	1	1	1	1	1	1	1.00018	1.00178	1.00881	1.02929	1.07375	1.1505	1.26024	1.39391	1.53549	1.66796	1.77882	1.86245	1.91856	1.94797	1.94873	1.91575	1.84478	1.73776	1.60529	1.46421	1.33193	1.22114	1.13736	1.07966	1.04321	1.02197	1.0105	1.00472	1.002	1.0008	1.00031
1	1	1	1	1	1	1	1	1	1	1.00017	1.0017	1.00846	1.02827	1.07153	1.14666	1.25475	1.38722	1.52841	1.66134	1.77328	1.85827	1.91575	1.9465	1.9487	1.9174	1.84833	1.74311	1.61191	1.47126	1.33854	1.22668	1.14155	1.08254	1.04503	1.02304	1.01107	1.00501	1.00214	1.00086	1.00033
1	1	1	1	1	1	1	1	1	1	1.00016	1.00162	1.00812	1.02728	1.06936	1.14291	1.24935	1.3806	1.52135	1.65469	1.76768	1.85402	1.91288	1.94497	1.94859	1.91897	1.85178	1.74837	1.61847	1.47829	1.34518	1.23227	1.14581	1.08549	1.04691	1.02414	1.01167	1.00531	1.00228	1.00093	1.00036
1	1	1	1	1	1	1	1	1	1	1.00016	1.00155	1.0078	1.02632	1.06726	1.13923	1.24402	1.37404	1.51431	1.64802	1.76203	1.8497	1.90993	1.94336	1.94841	1.92045	1.85514	1.75354	1.62497	1.4853	1.35183	1.23792	1.15013	1.08851	1.04884	1.02528	1.01229	1.00563	1.00244	1.001	1.00039
1	1	1	1	1	1	1	1	1	1	1.00015	1.00148	1.00749	1.02539	1.06521	1.13563	1.23878	1.36754	1.5073	1.64134	1.75633	1.84532	1.90692	1.94169	1.94815	1.92184	1.85841	1.75862	1.6314	1.49229	1.35851	1.24362	1.15452	1.09159	1.05082	1.02645	1.01294	1.00597	1.0026	1.00107	1.00042
1	1	1	1	1	1	1	1	1	1	1.00014	1.00141	1.00719	1.0245	1.06322	1.13211	1.23363	1.3611	1.50031	1.63464	1.75058	1.84087	1.90384	1.93995	1.94783	1.92316	1.86158	1.76361	1.63776	1.49924	1.3652	1.24936	1.15897	1.09474	1.05286	1.02767	1.01362	1.00631	1.00276	1.00114	1.00045
1	1	1	1	1	1	1	1	1	1	1.00013	1.00135	1.0069	1.02363	1.06128	1.12866	1.22855	1.35472	1.49335	1.62792	1.74478	1.83635	1.90069	1.93815	1.94744	1.92439	1.86466	1.76851	1.64405	1.50617	1.3719	1.25515	1.16349	1.09795	1.05495	1.02893	1.01432	1.00668	1.00294	1.00123	1.00048
1	1	1	1	1	1	1	1	1	1	1.00013	1.00129	1.00662	1.02279	1.0594	1.1253	1.22356	1.34842	1.48642	1.62119	1.73894	1.83177	1.89748	1.93627	1.94697	1.92555	1.86764	1.77331	1.65027	1.51306	1.37861	1.26099	1.16808	1.10123	1.0571	1.03023	1.01505	1.00706	1.00313	1.00131	1.00052
1	1	1	1	1	1	1	1	1	1	1.00012	1.00123	1.00635	1.02199	1.05757	1.122	1.21864	1.34217	1.47952	1.61445	1.73305	1.82713	1.89419	1.93433	1.94644	1.92662	1.87054	1.77803	1.65643	1.51992	1.38534	1.26687	1.17272	1.10457	1.05931	1.03158	1.01581	1.00746	1.00333	1.0014	1.00056
1	1	1	1	1	1	1	1	1	1	1.00011	1.00118	1.0061	1.0212	1.05579	1.11878	1.21381	1.336	1.47265	1.60771	1.72712	1.82243	1.89084	1.93233	1.94583	1.92761	1.87334	1.78266	1.66251	1.52675	1.39206	1.27279	1.17743	1.10798	1.06157	1.03296	1.0166	1.00788	1.00353	1.0015	1.0006
1	1	1	1	1	1	1	1	1	1	1.00011	1.00112	1.00585	1.02045	1.05406	1.11563	1.20906	1.32989	1.46582	1.60095	1.72115	1.81766	1.88742	1.93025	1.94516	1.92852	1.87606	1.78719	1.66851	1.53354	1.3988	1.27876	1.1822	1.11145	1.06389	1.03439	1.01742	1.00831	1.00375	1.0016	1.00065
1	1	1	1	1	1	1	1	1	1	1.0001	1.00107	1.00561	1.01972	1.05238	1.11255	1.20439	1.32385	1.45902	1.5942	1.71514	1.81284	1.88393	1.92811	1.94441	1.92935	1.87868	1.79163	1.67445	1.54028	1.40554	1.28476	1.18702	1.11499	1.06627	1.03587	1.01827	1.00877	1.00398	1.00171	1.0007
1	1	1	1	1	1	1	1	1	1	1.0001	1.00102	1.00539	1.01901	1.05075	1.10954	1.1998	1.31787	1.45226	1.58744	1.70909	1.80795	1.88038	1.9259	1.9436	1.9301	1.88121	1.79599	1.68031	1.54699	1.41227	1.2908	1.19191	1.11859	1.06871	1.03739	1.01915	1.00924	1.00422	1.00182	1.00075
1	1	1	1	1	1	1	1	1	1	1.00009	1.00098	1.00517	1.01833	1.04916	1.1066	1.19528	1.31197	1.44554	1.58068	1.70301	1.80301	1.87675	1.92362	1.94271	1.93078	1.88366	1.80025	1.68609	1.55366	1.41901	1.29687	1.19686	1.12225	1.0712	1.03895	1.02006	1.00974	1.00447	1.00194	1.0008
1	1	1	1	1	1	1	1	1	1	1.00009	1.00093	1.00496	1.01767	1.04762	1.10373	1.19085	1.30613	1.43886	1.57392	1.6969	1.79801	1.87307	1.92128	1.94176	1.93138	1.88601	1.80442	1.6918	1.56028	1.42574	1.30298	1.20186	1.12598	1.07375	1.04057	1.021	1.01026	1.00473	1.00207	1.00086
1	1	1	1	1	1	1	1	1	1	1.00008	1.00089	1.00476	1.01704	1.04612	1.10093	1.18649	1.30037	1.43223	1.56717	1.69075	1.79295	1.86931	1.91887	1.94073	1.93189	1.88828	1.8085	1.69743	1.56686	1.43247	1.30912	1.20691	1.12978	1.07637	1.04223	1.02198	1.01079	1.00501	1.0022	1.00092
1	1	1	1	1	1	1	1	1	1	1.00008	1.00085	1.00457	1.01642	1.04467	1.09819	1.18222	1.29468	1.42563	1.56042	1.68457	1.78784	1.8655	1.91639	1.93964	1.93234	1.89046	1.81249	1.70298	1.57338	1.43919	1.31528	1.21202	1.13363	1.07904	1.04393	1.02299	1.01135	1.0053	1.00234	1.00098
1	1	1	1	1	1	1	1	1	1	1.00008	1.00081	1.00438	1.01583	1.04326	1.09551	1.17801	1.28905	1.41909	1.55368	1.67836	1.78268	1.86161	1.91385	1.93848	1.9327	1.89256	1.81639	1.70846	1.57986	1.4459	1.32148	1.21719	1.13755	1.08177	1.04569	1.02404	1.01193	1.0056	1.00249	1.00105
1	1	1	1	1	1	1	1	1	1	1.00007	1.00078	1.0042	1.01526	1.04189	1.0929	1.17389	1.2835	1.41258	1.54695	1.67213	1.77746	1.85767	1.91124	1.93725	1.93299	1.89456	1.82019	1.71385	1.58629	1.4526	1.3277	1.2224	1.14154	1.08456	1.04749	1.02512	1.01254	1.00592	1.00264	1.00112
1	1	1	1	1	1	1	1	1	1	1.00007	1.00074	1.00403	1.01471	1.04055	1.09035	1.16984	1.27802	1.40613	1.54023	1.66587	1.7722	1.85366	1.90856	1.93595	1.9332	1.89648	1.82391	1.71917	1.59267	1.45928	1.33395	1.22767	1.14558	1.0874	1.04935	1.02624	1.01317	1.00625	1.00281	1.0012
1	1	1	1	1	1	1	1	1	1	1.00006	1.00071	1.00387	1.01417	1.03926	1.08786	1.16586	1.27261	1.39973	1.53353	1.65959	1.76688	1.84958	1.90581	1.93458	1.93334	1.89832	1.82754	1.72441	1.599	1.46595	1.34021	1.23298	1.14968	1.09031	1.05125	1.0274	1.01382	1.00659	1.00298	1.00128
1	1	1	1	1	1	1	1	1	1	1.00006	1.00067	1.00371	1.01366	1.03801	1.08543	1.16196	1.26727	1.39337	1.52684	1.65328	1.76152	1.84545	1.903	1.93314	1.9334	1.90007	1.83108	1.72956	1.60527	1.4726	1.3465	1.23834	1.15385	1.09328	1.0532	1.02859	1.0145	1.00696	1.00316	1.00136
1	1	1	1	1	1	1	1	1	1	1.00006	1.00064	1.00356	1.01316	1.03679	1.08306	1.15814	1.26201	1.38706	1.52017	1.64696	1.7561	1.84125	1.90012	1.93163	1.93339	1.90174	1.83453	1.73464	1.61148	1.47924	1.3528	1.24375	1.15807	1.09631	1.05521	1.02982	1.01521	1.00733	1.00335	1.00145
1	1	1	1	1	1	1	1	1	1	1.00006	1.00061	1.00341	1.01268	1.03561	1.08074	1.15438	1.25682	1.38081	1.51351	1.64062	1.75065	1.83699	1.89718	1.93006	1.9333	1.90332	1.83789	1.73964	1.61764	1.48585	1.35913	1.2492	1.16236	1.0994	1.05726	1.03109	1.01594	1.00773	1.00355	1.00155
1	1	1	1	1	1	1	1	1	1	1.00005	1.00059	1.00327	1.01222	1.03446	1.07849	1.1507	1.25169	1.37461	1.50688	1.63427	1.74515	1.83268	1.89417	1.92841	1.93314	1.90482	1.84116	1.74455	1.62374	1.49244	1.36546	1.2547	1.1667	1.10255	1.05937	1.0324	1.01669	1.00814	1.00376	1.00165
1	1	1	1	1	1	1	1	1	1	1.00005	1.00056	1.00314	1.01177	1.03335	1.07629	1.14709	1.24664	1.36847	1.50026	1.6279	1.7396	1.8283	1.8911	1.9267	1.9329	1.90624	1.84434	1.74938	1.62978	1.499	1.37181	1.26024	1.1711	1.10575	1.06153	1.03375	1.01748	1.00856	1.00398	1.00175
1	1	1	1	1	1	1	1	1	1	1.00005	1.00053	1.00301	1.01134	1.03227	1.07414	1.14355	1.24167	1.36238	1.49367	1.62151	1.73402	1.82387	1.88796	1.92492	1.93259	1.90757	1.84744	1.75413	1.63576	1.50554	1.37817	1.26581	1.17556	1.10902	1.06374	1.03514	1.01829	1.00901	1.00421	1.00186
1	1	1	1	1	1	1	1	1	1	1.00005	1.00051	1.00288	1.01092	1.03122	1.07205	1.14008	1.23676	1.35634	1.48711	1.61512	1.72839	1.81937	1.88475	1.92307	1.93221	1.90882	1.85045	1.75879	1.64168	1.51205	1.38454	1.27143	1.18007	1.11235	1.066	1.03657	1.01913	1.00947	1.00445	1.00198
1	1	1	1	1	1	1	1	1	1	1.00004	1.00049	1.00277	1.01052	1.03021	1.07	1.13668	1.23193	1.35036	1.48057	1.60872	1.72273	1.81482	1.88148	1.92116	1.93175	1.90999	1.85336	1.76338	1.64753	1.51853	1.39091	1.27709	1.18464	1.11573	1.06832	1.03804	1.02001	1.00996	1.0047	1.0021
1	1	1	1	1	1	1	1	1	1	1.00004	1.00046	1.00265	1.01013	1.02922	1.06801	1.13334	1.22716	1.34444	1.47406	1.60231	1.71703	1.81022	1.87815	1.91917	1.93122	1.91108	1.8562	1.76787	1.65333	1.52498	1.3973	1.28278	1.18926	1.11918	1.07069	1.03955	1.02091	1.01046	1.00496	1.00223
1	1	1	1	1	1	1	1	1	1	1.00004	1.00044	1.00254	1.00976	1.02827	1.06607	1.13008	1.22247	1.33858	1.46758	1.5959	1.71129	1.80556	1.87475	1.91712	1.93062	1.91208	1.85894	1.77229	1.65905	1.5314	1.40368	1.28851	1.19394	1.12268	1.07311	1.04111	1.02184	1.01098	1.00524	1.00237
1	1	1	1	1	1	1	1	1	1	1.00004	1.00042	1.00244	1.0094	1.02734	1.06418	1.12688	1.21785	1.33277	1.46113	1.58949	1.70552	1.80085	1.87129	1.915	1.92994	1.91301	1.8616	1.77662	1.66472	1.53778	1.41007	1.29426	1.19866	1.12625	1.07559	1.04271	1.0228	1.01153	1.00552	1.00251
1	1	1	1	1	1	1	1	1	1	1.00004	1.0004	1.00234	1.00905	1.02645	1.06234	1.12374	1.2133	1.32702	1.45471	1.58307	1.69972	1.79608	1.86777	1.91282	1.9292	1.91386	1.86417	1.78087	1.67031	1.54413	1.41645	1.30005	1.20344	1.12987	1.07813	1.04435	1.0238	1.01209	1.00582	1.00266
1	1	1	1	1	1	1	1	1	1	1.00003	1.00039	1.00224	1.00871	1.02558	1.06055	1.12067	1.20883	1.32134	1.44833	1.57665	1.69389	1.79126	1.86419	1.91056	1.92838	1.91463	1.86665	1.78504	1.67584	1.55044	1.42284	1.30587	1.20827	1.13355	1.08071	1.04604	1.02483	1.01267	1.00614	1.00282
1	1	1	1	1	1	1	1	1	1	1.00003	1.00037	1.00215	1.00839	1.02473	1.0588	1.11767	1.20442	1.31571	1.44198	1.57023	1.68803	1.78639	1.86054	1.90825	1.92749	1.91531	1.86905	1.78912	1.6813	1.55671	1.42922	1.31172	1.21315	1.13728	1.08335	1.04777	1.02589	1.01328	1.00646	1.00299
1	1	1	1	1	1	1	1	1	1	1.00003	1.00035	1.00206	1.00808	1.02392	1.0571	1.11472	1.20008	1.31015	1.43566	1.56382	1.68214	1.78148	1.85683	1.90586	1.92653	1.91592	1.87136	1.79311	1.68669	1.56294	1.43559	1.3176	1.21808	1.14108	1.08605	1.04955	1.02698	1.01391	1.0068	1.00316
1	1	1	1	1	1	1	1	1	1	1.00003	1.00034	1.00197	1.00778	1.02312	1.05544	1.11184	1.19581	1.30464	1.42939	1.55741	1.67622	1.77651	1.85307	1.90341	1.92549	1.91645	1.87359	1.79703	1.69201	1.56913	1.44196	1.3235	1.22306	1.14493	1.0888	1.05138	1.02811	1.01457	1.00716	1.00334
1	1	1	1	1	1	1	1	1	1	1.00003	1.00032	1.00189	1.00749	1.02236	1.05382	1.10902	1.19161	1.2992	1.42315	1.55101	1.67028	1.77149	1.84924	1.90089	1.92439	1.9169	1.87573	1.80085	1.69726	1.57527	1.44832	1.32942	1.22808	1.14883	1.09161	1.05325	1.02927	1.01524	1.00753	1.00353
1	1	1	1	1	1	1	1	1	1	1.00003	1.00031	1.00181	1.00721	1.02161	1.05225	1.10626	1.18749	1.29382	1.41695	1.54462	1.66432	1.76643	1.84535	1.89831	1.92321	1.91728	1.87779	1.8046	1.70244	1.58137	1.45466	1.33536	1.23315	1.15279	1.09447	1.05517	1.03047	1.01594	1.00792	1.00373
1	1	1	1	1	1	1	1	1	1	1.00002	1.00029	1.00174	1.00694	1.02089	1.05072	1.10356	1.18342	1.28851	1.4108	1.53823	1.65833	1.76133	1.8414	1.89566	1.92197	1.91757	1.87977	1.80826	1.70755	1.58742	1.461	1.34133	1.23826	1.15681	1.09739	1.05713	1.03171	1.01667	1.00832	1.00394
1	1	1	1	1	1	1	1	1	1	1.00002	1.00028	1.00166	1.00668	1.0202	1.04923	1.10092	1.17943	1.28325	1.40468	1.53186	1.65233	1.75618	1.8374	1.89295	1.92065	1.91779	1.88166	1.81183	1.71258	1.59343	1.46732	1.34731	1.24341	1.16088	1.10036	1.05915	1.03298	1.01742	1.00874	1.00416
1	1	1	1	1	1	1	1	1	1	1.00002	1.00027	1.0016	1.00643	1.01952	1.04777	1.09833	1.17551	1.27806	1.39861	1.5255	1.6463	1.75099	1.83334	1.89017	1.91927	1.91794	1.88346	1.81533	1.71755	1.59939	1.47363	1.35331	1.24861	1.16501	1.10338	1.06121	1.03429	1.0182	1.00917	1.00439
1	1	1	1	1	1	1	1	1	1	1.00002	1.00025	1.00153	1.00618	1.01886	1.04636	1.09581	1.17165	1.27293	1.39258	1.51916	1.64026	1.74575	1.82922	1.88733	1.91781	1.918	1.88519	1.81873	1.72244	1.6053	1.47991	1.35933	1.25384	1.16919	1.10646	1.06331	1.03563	1.019	1.00962	1.00463
1	1	1	1	1	1	1	1	1	1	1.00002	1.00024	1.00146	1.00595	1.01823	1.04499	1.09333	1.16785	1.26787	1.3866	1.51283	1.63421	1.74048	1.82505	1.88442	1.91629	1.91799	1.88683	1.82205	1.72725	1.61115	1.48618	1.36536	1.25912	1.17342	1.1096	1.06547	1.03702	1.01984	1.01009	1.00488
1	1	1	1	1	1	1	1	1	1	1.00002	1.00023	1.0014	1.00573	1.01762	1.04365	1.09092	1.16413	1.26287	1.38066	1.50652	1.62814	1.73516	1.82082	1.88146	1.9147	1.91791	1.88839	1.82529	1.73199	1.61696	1.49243	1.3714	1.26443	1.17771	1.11279	1.06768	1.03844	1.0207	1.01058	1.00514
1	1	1	1	1	1	1	1	1	1	1.00002	1.00022	1.00135	1.00551	1.01702	1.04235	1.08855	1.16047	1.25793	1.37477	1.50023	1.62206	1.72981	1.81654	1.87842	1.91303	1.91775	1.88986	1.82845	1.73666	1.62271	1.49866	1.37745	1.26978	1.18204	1.11604	1.06993	1.0399	1.02158	1.01108	1.00541
1	1	1	1	1	1	1	1	1	1	1.00002	1.00021	1.00129	1.0053	1.01645	1.04108	1.08624	1.15687	1.25306	1.36893	1.49395	1.61597	1.72442	1.8122	1.87533	1.9113	1.91751	1.89126	1.83152	1.74125	1.62841	1.50486	1.38351	1.27516	1.18643	1.11934	1.07224	1.0414	1.0225	1.01161	1.0057
1	1	1	1	1	1	1	1	1	1	1.00002	1.0002	1.00123	1.0051	1.01589	1.03985	1.08398	1.15334	1.24825	1.36314	1.4877	1.60987	1.719	1.80781	1.87217	1.9095	1.9172	1.89257	1.83451	1.74576	1.63405	1.51104	1.38958	1.28058	1.19087	1.12269	1.07459	1.04294	1.02344	1.01215	1.00599
1	1	1	1	1	1	1	1	1	1	1.00002	1.00019	1.00118	1.00491	1.01535	1.03865	1.08178	1.14987	1.2435	1.35739	1.48147	1.60376	1.71354	1.80337	1.86895	1.90764	1.91682	1.8938	1.83741	1.7502	1.63963	1.51719	1.39565	1.28603	1.19535	1.1261	1.077	1.04453	1.02442	1.01272	1.0063
1	1	1	1	1	1	1	1	1	1	1.00001	1.00018	1.00113	1.00472	1.01483	1.03749	1.07962	1.14647	1.23882	1.3517	1.47527	1.59764	1.70806	1.79888	1.86568	1.9057	1.91636	1.89495	1.84023	1.75456	1.64516	1.52331	1.40173	1.29151	1.19989	1.12956	1.07945	1.04615	1.02542	1.0133	1.00662
1	1	1	1	1	1	1	1	1	1	1.00001	1.00017	1.00109	1.00454	1.01432	1.03635	1.07751	1.14313	1.2342	1.34606	1.46909	1.59153	1.70253	1.79434	1.86234	1.9037	1.91583	1.89602	1.84296	1.75884	1.65063	1.5294	1.40781	1.29702	1.20447	1.13308	1.08196	1.04782	1.02646	1.01391	1.00695
1	1	1	1	1	1	1	1	1	1	1.00001	1.00017	1.00104	1.00437	1.01383	1.03525	1.07546	1.13985	1.22965	1.34046	1.46294	1.5854	1.69698	1.78975	1.85894	1.90163	1.91522	1.89701	1.84562	1.76305	1.65604	1.53546	1.41389	1.30256	1.2091	1.13665	1.08452	1.04952	1.02753	1.01454	1.0073
1	1	1	1	1	1	1	1	1	1	1.00001	1.00016	1.001	1.0042	1.01336	1.03418	1.07345	1.13663	1.22516	1.33492	1.45682	1.57928	1.69141	1.78511	1.85548	1.8995	1.91454	1.89792	1.84819	1.76718	1.66139	1.54149	1.41997	1.30813	1.21377	1.14027	1.08712	1.05127	1.02863	1.01519	1.00766
1	1	1	1	1	1	1	1	1	1	1.00001	1.00015	1.00095	1.00404	1.0129	1.03314	1.07148	1.13347	1.22073	1.32943	1.45072	1.57316	1.6858	1.78043	1.85196	1.8973	1.91379	1.89875	1.85067	1.77123	1.66668	1.54749	1.42604	1.31372	1.21849	1.14395	1.08978	1.05307	1.02976	1.01586	1.00804
1	1	1	1	1	1	1	1	1	1	1.00001	1.00014	1.00091	1.00389	1.01246	1.03213	1.06957	1.13037	1.21637	1.324	1.44466	1.56704	1.68017	1.77569	1.84838	1.89503	1.91296	1.89951	1.85308	1.7752	1.67191	1.55345	1.43211	1.31933	1.22325	1.14767	1.09249	1.0549	1.03093	1.01655	1.00843
1	1	1	1	1	1	1	1	1	1	1.00001	1.00014	1.00088	1.00374	1.01203	1.03114	1.06769	1.12733	1.21207	1.31862	1.43862	1.56092	1.67451	1.77092	1.84475	1.8927	1.91207	1.90018	1.8554	1.77909	1.67707	1.55937	1.43818	1.32497	1.22805	1.15145	1.09525	1.05678	1.03212	1.01727	1.00884
1	1	1	1	1	1	1	1	1	1	1.00001	1.00013	1.00084	1.0036	1.01162	1.03019	1.06587	1.12435	1.20783	1.31329	1.43262	1.5548	1.66883	1.7661	1.84106	1.8903	1.9111	1.90077	1.85764	1.78291	1.68217	1.56526	1.44424	1.33063	1.2329	1.15528	1.09806	1.0587	1.03336	1.01801	1.00926
1	1	1	1	1	1	1	1	1	1	1.00001	1.00012	1.0008	1.00346	1.01122	1.02926	1.06408	1.12142	1.20366	1.30802	1.42666	1.54869	1.66313	1.76123	1.83731	1.88784	1.91006	1.90129	1.8598	1.78664	1.68721	1.5711	1.45029	1.33631	1.23778	1.15916	1.10092	1.06067	1.03462	1.01878	1.0097
1	1	1	1	1	1	1	1	1	1	1.00001	1.00012	1.00077	1.00333	1.01083	1.02836	1.06234	1.11856	1.19955	1.3028	1.42073	1.54259	1.65741	1.75633	1.8335	1.88531	1.90895	1.90173	1.86187	1.7903	1.69218	1.57691	1.45633	1.34201	1.24271	1.16309	1.10383	1.06268	1.03593	1.01957	1.01015
1	1	1	1	1	1	1	1	1	1	1.00001	1.00011	1.00074	1.0032	1.01045	1.02748	1.06064	1.11574	1.1955	1.29764	1.41483	1.5365	1.65167	1.75138	1.82965	1.88272	1.90777	1.90209	1.86386	1.79388	1.69709	1.58267	1.46236	1.34773	1.24768	1.16707	1.10679	1.06474	1.03726	1.02039	1.01062
1	1	1	1	1	1	1	1	1	1	1.00001	1.00011	1.00071	1.00308	1.01009	1.02663	1.05898	1.11299	1.19151	1.29253	1.40897	1.53041	1.64591	1.7464	1.82573	1.88007	1.90651	1.90237	1.86577	1.79738	1.70193	1.58839	1.46838	1.35346	1.25268	1.17111	1.10981	1.06684	1.03864	1.02123	1.01111
1	1	1	1	1	1	1	1	1	1	1.00001	1.0001	1.00068	1.00296	1.00974	1.0258	1.05737	1.11029	1.18758	1.28748	1.40315	1.52434	1.64013	1.74137	1.82177	1.87735	1.90519	1.90258	1.8676	1.8008	1.7067	1.59407	1.47438	1.35921	1.25772	1.17518	1.11287	1.06899	1.04005	1.02211	1.01162
1	1	1	1	1	1	1	1	1	1	1.00001	1.0001	1.00065	1.00284	1.0094	1.025	1.05579	1.10764	1.18372	1.28248	1.39736	1.51828	1.63434	1.73631	1.81775	1.87457	1.9038	1.90271	1.86935	1.80414	1.71141	1.5997	1.48036	1.36496	1.26279	1.17931	1.11599	1.07119	1.0415	1.023	1.01214
1	1	1	1	1	1	1	1	1	1	1.00001	1.00009	1.00062	1.00273	1.00907	1.02422	1.05425	1.10505	1.17992	1.27755	1.39162	1.51224	1.62854	1.73121	1.81367	1.87173	1.90234	1.90276	1.87102	1.8074	1.71604	1.60529	1.48633	1.37073	1.2679	1.18348	1.11915	1.07343	1.04298	1.02393	1.01268
1	1	1	1	1	1	1	1	1	1	1.00001	1.00009	1.00059	1.00263	1.00876	1.02346	1.05275	1.10251	1.17617	1.27266	1.38592	1.50621	1.62273	1.72608	1.80955	1.86883	1.90081	1.90274	1.87261	1.81058	1.72061	1.61082	1.49228	1.37651	1.27304	1.18771	1.12237	1.07571	1.0445	1.02488	1.01325
1	1	1	1	1	1	1	1	1	1	1.00001	1.00009	1.00057	1.00253	1.00845	1.02273	1.05128	1.10002	1.17249	1.26784	1.38025	1.50019	1.6169	1.72091	1.80538	1.86586	1.89921	1.90265	1.87411	1.81368	1.72511	1.61631	1.4982	1.3823	1.27822	1.19197	1.12564	1.07805	1.04606	1.02586	1.01383
1	1	1	1	1	1	1	1	1	1	1.00001	1.00008	1.00054	1.00243	1.00815	1.02201	1.04986	1.09759	1.16887	1.26307	1.37463	1.49419	1.61106	1.71571	1.80115	1.86284	1.89754	1.90247	1.87554	1.8167	1.72954	1.62175	1.50411	1.3881	1.28342	1.19628	1.12895	1.08043	1.04766	1.02687	1.01443
1	1	1	1	1	1	1	1	1	1	1.00001	1.00008	1.00052	1.00233	1.00787	1.02132	1.04846	1.0952	1.1653	1.25836	1.36905	1.48822	1.60522	1.71048	1.79688	1.85976	1.89581	1.90223	1.87689	1.81965	1.7339	1.62714	1.50999	1.3939	1.28865	1.20064	1.13232	1.08285	1.0493	1.02791	1.01505
1	1	1	1	1	1	1	1	1	1	1.00001	1.00007	1.0005	1.00224	1.00759	1.02065	1.04711	1.09286	1.1618	1.25371	1.36352	1.48226	1.59937	1.70522	1.79256	1.85661	1.894	1.90191	1.87816	1.82251	1.73818	1.63248	1.51585	1.3997	1.29392	1.20504	1.13574	1.08533	1.05098	1.02898	1.01569
1	1	1	1	1	1	1	1	1	1	1.00001	1.00007	1.00048	1.00216	1.00732	1.01999	1.04578	1.09057	1.15835	1.24911	1.35803	1.47632	1.59351	1.69992	1.78819	1.85341	1.89213	1.90151	1.87934	1.82529	1.7424	1.63777	1.52168	1.40551	1.29921	1.20949	1.1392	1.08785	1.0527	1.03008	1.01636
1	1	1	1	1	1	1	1	1	1	1	1.00007	1.00046	1.00207	1.00706	1.01936	1.04449	1.08833	1.15496	1.24458	1.35258	1.47041	1.58766	1.6946	1.78378	1.85015	1.8902	1.90104	1.88045	1.82799	1.74654	1.643	1.52749	1.41132	1.30452	1.21397	1.14272	1.09041	1.05445	1.03121	1.01704
1	1	1	1	1	1	1	1	1	1	1	1.00006	1.00044	1.00199	1.00681	1.01875	1.04324	1.08614	1.15163	1.24009	1.34718	1.46452	1.58179	1.68926	1.77932	1.84683	1.8882	1.9005	1.88148	1.83062	1.75062	1.64817	1.53326	1.41713	1.30986	1.2185	1.14628	1.09303	1.05625	1.03237	1.01775
1	1	1	1	1	1	1	1	1	1	1	1.00006	1.00042	1.00191	1.00657	1.01815	1.04201	1.084	1.14836	1.23567	1.34183	1.45865	1.57593	1.68388	1.77482	1.84345	1.88613	1.89989	1.88243	1.83316	1.75462	1.6533	1.53901	1.42293	1.31522	1.22307	1.14989	1.09569	1.05809	1.03357	1.01848
1	1	1	1	1	1	1	1	1	1	1	1.00006	1.0004	1.00184	1.00634	1.01757	1.04082	1.0819	1.14514	1.23131	1.33652	1.45281	1.57006	1.67848	1.77027	1.84002	1.88399	1.8992	1.8833	1.83562	1.75854	1.65836	1.54472	1.42874	1.32061	1.22768	1.15355	1.0984	1.05997	1.03479	1.01924
1	1	1	1	1	1	1	1	1	1	1	1.00006	1.00038	1.00177	1.00612	1.01701	1.03966	1.07984	1.14198	1.227	1.33126	1.44699	1.5642	1.67306	1.76568	1.83654	1.88179	1.89844	1.8841	1.83801	1.7624	1.66337	1.5504	1.43454	1.32602	1.23232	1.15726	1.10116	1.06189	1.03605	1.02002
1	1	1	1	1	1	1	1	1	1	1	1.00005	1.00037	1.0017	1.0059	1.01646	1.03852	1.07783	1.13887	1.22275	1.32605	1.44121	1.55834	1.66762	1.76105	1.83299	1.87953	1.89761	1.88482	1.84031	1.76618	1.66832	1.55605	1.44033	1.33144	1.23701	1.16101	1.10396	1.06385	1.03734	1.02082
1	1	1	1	1	1	1	1	1	1	1	1.00005	1.00035	1.00163	1.00569	1.01594	1.03742	1.07587	1.13582	1.21855	1.32088	1.43545	1.55248	1.66216	1.75638	1.8294	1.87721	1.8967	1.88546	1.84254	1.76988	1.67322	1.56166	1.44612	1.33689	1.24173	1.16481	1.10682	1.06586	1.03867	1.02164
1	1	1	1	1	1	1	1	1	1	1	1.00005	1.00034	1.00157	1.00549	1.01542	1.03635	1.07395	1.13282	1.21442	1.31577	1.42972	1.54663	1.65667	1.75167	1.82574	1.87481	1.89573	1.88602	1.84468	1.77352	1.67805	1.56724	1.45189	1.34235	1.24649	1.16865	1.10972	1.06791	1.04003	1.0225
1	1	1	1	1	1	1	1	1	1	1	1.00005	1.00032	1.00151	1.00529	1.01493	1.0353	1.07207	1.12988	1.21034	1.3107	1.42402	1.54079	1.65117	1.74692	1.82204	1.87236	1.89468	1.8865	1.84675	1.77708	1.68282	1.57278	1.45766	1.34783	1.25128	1.17255	1.11266	1.07	1.04142	1.02337
1	1	1	1	1	1	1	1	1	1	1	1.00004	1.00031	1.00145	1.0051	1.01444	1.03428	1.07023	1.12699	1.20631	1.30568	1.41836	1.53495	1.64565	1.74213	1.81828	1.86985	1.89357	1.88691	1.84874	1.78056	1.68754	1.57828	1.46342	1.35332	1.25611	1.17648	1.11566	1.07213	1.04285	1.02427
1	1	1	1	1	1	1	1	1	1	1	1.00004	1.0003	1.00139	1.00492	1.01398	1.03329	1.06843	1.12415	1.20235	1.30071	1.41272	1.52912	1.64012	1.73731	1.81448	1.86727	1.89238	1.88724	1.85065	1.78397	1.69219	1.58375	1.46916	1.35882	1.26097	1.18046	1.1187	1.07431	1.04432	1.0252
1	1	1	1	1	1	1	1	1	1	1	1.00004	1.00028	1.00134	1.00474	1.01352	1.03232	1.06667	1.12136	1.19844	1.29579	1.40712	1.5233	1.63457	1.73245	1.81062	1.86463	1.89112	1.8875	1.85248	1.7873	1.69678	1.58917	1.47489	1.36434	1.26586	1.18449	1.12179	1.07653	1.04582	1.02616
1	1	1	1	1	1	1	1	1	1	1	1.00004	1.00027	1.00128	1.00457	1.01309	1.03138	1.06496	1.11863	1.19458	1.29093	1.40156	1.51749	1.629	1.72755	1.80671	1.86193	1.8898	1.88768	1.85423	1.79056	1.7013	1.59455	1.4806	1.36987	1.27078	1.18856	1.12492	1.07879	1.04735	1.02714
